Player,Captures,Endgame,Middlegame,Major Pieces,Minor Pieces,Pawn
1174,0.375,0.0,0.5,0.3125,0.5625,0.125
1160,0.2307692307692307,0.3653846153846154,0.5192307692307693,0.1346153846153846,0.5192307692307693,0.2307692307692307
1082,0.4,0.0,0.7,0.45,0.4,0.15
1160,0.225,0.0,0.55,0.45,0.2,0.35
1160,0.3378378378378378,0.3243243243243243,0.3783783783783784,0.3243243243243243,0.3783783783783784,0.2972972972972973
1121,0.5,0.0,0.8235294117647058,0.5882352941176471,0.1764705882352941,0.2352941176470588
1062,0.2321428571428571,0.0,0.8571428571428571,0.2857142857142857,0.3928571428571428,0.25
1095,0.3823529411764705,0.2941176470588235,0.4411764705882353,0.3529411764705882,0.2941176470588235,0.2647058823529412
1188,0.40625,0.3125,0.4375,0.28125,0.4375,0.28125
1101,0.2307692307692307,0.0,0.3076923076923077,0.5384615384615384,0.1538461538461538,0.3076923076923077
1065,0.282051282051282,0.0,0.6666666666666666,0.1282051282051282,0.3333333333333333,0.3076923076923077
1186,0.25,0.0,0.25,0.125,0.5,0.375
1116,0.32,0.0,0.72,0.32,0.24,0.4
1102,0.6,0.0,0.2,0.0,0.4,0.6
1168,0.2575757575757575,0.0,0.5757575757575758,0.0606060606060606,0.2121212121212121,0.303030303030303
1104,0.28,0.0,0.64,0.08,0.44,0.28
1163,0.2153846153846154,0.3538461538461538,0.5538461538461539,0.3692307692307692,0.1076923076923077,0.2307692307692307
1198,0.2083333333333333,0.0,0.0833333333333333,0.0,0.4166666666666667,0.5833333333333334
1081,0.25,0.0,0.3,0.2,0.6,0.2
1109,0.3125,0.0,0.25,0.0,0.125,0.75
1174,0.2410714285714285,0.25,0.4464285714285714,0.25,0.25,0.2678571428571428
1035,0.1,0.0,1.0,0.0,0.6,0.4
1179,0.4032258064516129,0.2580645161290322,0.4516129032258064,0.0967741935483871,0.4516129032258064,0.3870967741935484
1014,0.3333333333333333,0.0,1.0,0.0,0.6666666666666666,0.3333333333333333
1157,0.125,0.0,1.0,0.25,0.25,0.5
1032,0.0,0.0,1.0,0.8,0.0,0.2
1196,0.0,0.0,1.0,0.0,0.0,1.0
1192,0.2142857142857142,0.0,0.4285714285714285,0.0952380952380952,0.2857142857142857,0.5714285714285714
1152,0.25,0.0,0.75,0.2142857142857142,0.3214285714285714,0.4285714285714285
1099,0.25,0.0,1.0,0.5,0.0,0.5
1190,0.1,0.0,1.0,0.3,0.3,0.4
1034,0.2307692307692307,0.1538461538461538,0.5897435897435898,0.3333333333333333,0.2564102564102564,0.1282051282051282
1193,0.3076923076923077,0.0,0.3076923076923077,0.0769230769230769,0.3846153846153846,0.5384615384615384
1166,0.2413793103448276,0.5344827586206897,0.3275862068965517,0.2586206896551724,0.1551724137931034,0.3620689655172414
1189,0.2692307692307692,0.0,0.3846153846153846,0.0769230769230769,0.5384615384615384,0.3076923076923077
1151,0.25,0.5576923076923077,0.3269230769230769,0.3076923076923077,0.2884615384615384,0.3076923076923077
1177,0.2758620689655172,0.0,0.7241379310344828,0.2758620689655172,0.3103448275862069,0.1724137931034483
1020,0.2555555555555555,0.2888888888888888,0.4222222222222222,0.1333333333333333,0.3555555555555555,0.2888888888888888
1121,0.2704918032786885,0.6557377049180328,0.2295081967213114,0.3114754098360656,0.4098360655737705,0.2786885245901639
1179,0.25,0.0,0.75,0.15,0.3,0.3
1076,0.2571428571428571,0.0,0.7428571428571429,0.4571428571428571,0.2,0.2285714285714285
1125,0.2264150943396226,0.4339622641509434,0.4150943396226415,0.3773584905660377,0.1698113207547169,0.2641509433962264
1101,0.2307692307692307,0.0,0.3076923076923077,0.5384615384615384,0.1538461538461538,0.3076923076923077
1127,0.25,0.0,0.7692307692307693,0.2307692307692307,0.2692307692307692,0.3461538461538461
1060,0.2619047619047619,0.0,0.8095238095238095,0.1428571428571428,0.3333333333333333,0.5238095238095238
1165,0.2368421052631578,0.0,0.1052631578947368,0.1578947368421052,0.5263157894736842,0.3157894736842105
1057,0.28,0.0,0.64,0.32,0.24,0.44
1014,0.2741935483870967,0.0,0.6774193548387096,0.2258064516129032,0.2258064516129032,0.4193548387096774
1104,0.3113207547169811,0.4528301886792453,0.3396226415094339,0.4339622641509434,0.1886792452830188,0.3773584905660377
1143,0.3095238095238095,0.0,0.7142857142857143,0.0952380952380952,0.4761904761904761,0.3333333333333333
1072,0.2407407407407407,0.0,0.5925925925925926,0.4074074074074074,0.3703703703703703,0.1481481481481481
1149,0.3333333333333333,0.0,0.4444444444444444,0.0,0.6666666666666666,0.2222222222222222
1080,0.2068965517241379,0.0,0.5862068965517241,0.1724137931034483,0.4137931034482758,0.3793103448275862
1116,0.2878787878787879,0.2121212121212121,0.4848484848484848,0.2424242424242424,0.2727272727272727,0.2727272727272727
1160,0.0,0.0,1.0,0.0,0.0,1.0
1075,0.3414634146341463,0.2926829268292683,0.4878048780487805,0.6341463414634146,0.2195121951219512,0.1463414634146341
1191,0.2179487179487179,0.0,0.7948717948717948,0.2564102564102564,0.3846153846153846,0.3076923076923077
1194,0.3863636363636363,0.0,0.7727272727272727,0.1818181818181818,0.5,0.3181818181818182
1166,0.3095238095238095,0.0,0.7619047619047619,0.2857142857142857,0.4285714285714285,0.2857142857142857
1192,0.25,0.0,0.5882352941176471,0.3235294117647059,0.1764705882352941,0.3235294117647059
1160,0.1428571428571428,0.0,0.1428571428571428,0.2142857142857142,0.5714285714285714,0.2142857142857142
1178,0.225,0.0,0.65,0.15,0.35,0.5
1180,0.2368421052631578,0.543859649122807,0.2456140350877192,0.087719298245614,0.3508771929824561,0.2631578947368421
1083,0.3214285714285714,0.0,0.6071428571428571,0.2142857142857142,0.3571428571428571,0.3928571428571428
1056,0.2727272727272727,0.0,0.7272727272727273,0.2272727272727272,0.4090909090909091,0.3181818181818182
1185,0.2608695652173913,0.0,0.5652173913043478,0.217391304347826,0.391304347826087,0.391304347826087
1148,0.4666666666666667,0.0,0.4,0.3333333333333333,0.2666666666666666,0.4
1060,0.3181818181818182,0.0,0.8181818181818182,0.2727272727272727,0.4545454545454545,0.2727272727272727
1110,0.0714285714285714,0.0,1.0,0.0714285714285714,0.4285714285714285,0.5
1159,0.2777777777777778,0.1388888888888888,0.6666666666666666,0.4444444444444444,0.3611111111111111,0.1666666666666666
1045,0.2678571428571428,0.375,0.5,0.375,0.125,0.3571428571428571
1174,0.3076923076923077,0.4615384615384615,0.4230769230769231,0.3653846153846153,0.3076923076923077,0.2692307692307692
1165,0.2368421052631578,0.0,0.3157894736842105,0.2105263157894736,0.2105263157894736,0.4736842105263157
1139,0.217391304347826,0.0,0.8913043478260869,0.1956521739130435,0.1521739130434782,0.3695652173913043
1107,0.2291666666666666,0.2291666666666666,0.625,0.25,0.2291666666666666,0.4166666666666667
1104,0.1891891891891892,0.0,0.7027027027027027,0.5405405405405406,0.1081081081081081,0.2972972972972973
1116,0.2446808510638297,0.0,0.8085106382978723,0.1914893617021276,0.1914893617021276,0.2553191489361702
1130,0.1,0.0,1.0,0.0,0.6,0.4
1017,0.2826086956521739,0.0,0.6956521739130435,0.3478260869565217,0.3043478260869565,0.217391304347826
1152,0.25,0.0,0.3333333333333333,0.0,0.5833333333333334,0.4166666666666667
1022,0.3275862068965517,0.0,0.896551724137931,0.2413793103448276,0.2068965517241379,0.4137931034482758
1199,0.3611111111111111,0.0,0.6666666666666666,0.3333333333333333,0.3888888888888889,0.2777777777777778
1162,0.3382352941176471,0.2352941176470588,0.5294117647058824,0.088235294117647,0.4411764705882353,0.3823529411764705
1149,0.4090909090909091,0.0,0.6363636363636364,0.0909090909090909,0.5454545454545454,0.2727272727272727
1143,0.3,0.0,0.6,0.25,0.35,0.35
1165,0.6875,0.0,0.375,0.25,0.375,0.375
1073,0.2653061224489796,0.3877551020408163,0.4489795918367347,0.1632653061224489,0.2653061224489796,0.2857142857142857
1003,0.0833333333333333,0.0,1.0,0.0,0.3333333333333333,0.6666666666666666
1181,0.25,0.0,1.0,0.0,0.3333333333333333,0.6666666666666666
1189,0.3,0.0333333333333333,0.7666666666666667,0.3,0.4,0.2
1027,0.25,0.0,1.0,0.1666666666666666,0.5,0.3333333333333333
1106,0.0,0.0,1.0,0.0,0.0,1.0
1088,0.2631578947368421,0.0,0.7368421052631579,0.1578947368421052,0.5789473684210527,0.2631578947368421
1108,0.2833333333333333,0.0,0.7333333333333333,0.3333333333333333,0.2666666666666666,0.3666666666666666
1117,0.1428571428571428,0.0,0.5714285714285714,0.0714285714285714,0.4642857142857143,0.3214285714285714
1166,0.375,0.0,0.45,0.25,0.45,0.3
1177,0.2222222222222222,0.0,0.6666666666666666,0.1111111111111111,0.2962962962962963,0.4444444444444444
1054,0.2307692307692307,0.0,0.3846153846153846,0.0,0.3846153846153846,0.5384615384615384
1016,0.2916666666666667,0.0,0.625,0.2916666666666667,0.375,0.2083333333333333
1060,0.1759259259259259,0.0,0.6481481481481481,0.1111111111111111,0.3888888888888889,0.2777777777777778
1074,0.2368421052631578,0.0,0.8947368421052632,0.1842105263157894,0.3684210526315789,0.3157894736842105
1108,0.2878787878787879,0.0,0.8181818181818182,0.2121212121212121,0.3636363636363636,0.3636363636363636
1144,0.125,0.0,1.0,0.5,0.25,0.25
1096,0.1842105263157894,0.0,0.3684210526315789,0.3157894736842105,0.3157894736842105,0.2631578947368421
1136,0.28,0.0,0.8,0.08,0.4,0.36
1171,0.2142857142857142,0.0,1.0,0.1428571428571428,0.1428571428571428,0.7142857142857143
1026,0.21875,0.0,0.375,0.0,0.4375,0.5
1039,0.25,0.3125,0.5,0.25,0.3125,0.2708333333333333
1023,0.3076923076923077,0.0,0.8076923076923077,0.1538461538461538,0.3076923076923077,0.5
1070,0.2058823529411764,0.0,0.7941176470588235,0.1470588235294117,0.2941176470588235,0.3529411764705882
1076,0.3,0.0,0.5,0.3,0.3,0.4
1134,0.2424242424242424,0.0,0.7272727272727273,0.2727272727272727,0.3333333333333333,0.2727272727272727
1197,0.1071428571428571,0.0,1.0,0.1428571428571428,0.4285714285714285,0.4285714285714285
1088,0.2857142857142857,0.0,0.2857142857142857,0.1428571428571428,0.5714285714285714,0.2857142857142857
1194,0.0,0.0,1.0,0.0,0.8181818181818182,0.1818181818181818
1151,0.2272727272727272,0.0,0.2272727272727272,0.0909090909090909,0.6818181818181818,0.1818181818181818
1197,0.328125,0.0,0.65625,0.28125,0.375,0.34375
1165,0.265625,0.0,0.625,0.34375,0.3125,0.21875
1162,0.3103448275862069,0.1379310344827586,0.6551724137931034,0.2413793103448276,0.4137931034482758,0.3103448275862069
1186,0.2321428571428571,0.4642857142857143,0.4107142857142857,0.4642857142857143,0.2142857142857142,0.1785714285714285
1023,0.2777777777777778,0.0,0.3333333333333333,0.1666666666666666,0.2777777777777778,0.4444444444444444
1195,0.2068965517241379,0.396551724137931,0.4655172413793103,0.1896551724137931,0.2068965517241379,0.3793103448275862
1187,0.2166666666666666,0.0,0.5,0.3333333333333333,0.2333333333333333,0.2666666666666666
1172,0.2121212121212121,0.0,0.6060606060606061,0.303030303030303,0.2424242424242424,0.2121212121212121
1178,0.293103448275862,0.0,0.6896551724137931,0.1724137931034483,0.4482758620689655,0.2413793103448276
1147,0.2,0.0,0.8,0.16,0.28,0.36
1116,0.0,0.0,1.0,0.6666666666666666,0.0,0.3333333333333333
1023,0.125,0.0,1.0,0.0,0.5,0.5
1149,0.0,0.0,1.0,0.1764705882352941,0.2352941176470588,0.5294117647058824
1191,0.25,0.1521739130434782,0.6956521739130435,0.3695652173913043,0.3478260869565217,0.1521739130434782
1054,0.3035714285714285,0.0,0.6428571428571429,0.2857142857142857,0.2142857142857142,0.4642857142857143
1116,0.1333333333333333,0.0,0.3333333333333333,0.2,0.4,0.4
1091,0.2954545454545454,0.0,0.6818181818181818,0.1818181818181818,0.4545454545454545,0.3636363636363636
1057,0.25,0.0,0.5,0.2727272727272727,0.2727272727272727,0.3181818181818182
1140,0.2631578947368421,0.0,0.631578947368421,0.2631578947368421,0.3157894736842105,0.2631578947368421
1030,0.3571428571428571,0.0,0.5714285714285714,0.0,0.5,0.5
1178,0.1666666666666666,0.0,0.2857142857142857,0.1904761904761904,0.1904761904761904,0.5714285714285714
1109,0.3333333333333333,0.0,0.7083333333333334,0.2083333333333333,0.2916666666666667,0.2916666666666667
1033,0.2142857142857142,0.0,0.6571428571428571,0.2571428571428571,0.2285714285714285,0.2285714285714285
1028,0.25,0.0,0.6,0.2,0.45,0.35
1162,0.4333333333333333,0.0,0.7333333333333333,0.0,0.6,0.2666666666666666
1104,0.2446808510638297,0.2127659574468084,0.5957446808510638,0.1063829787234042,0.3617021276595745,0.2553191489361702
1116,0.15,0.0,0.3,0.05,0.55,0.4
1028,0.25,0.0,1.0,0.0,0.625,0.375
1156,0.3260869565217391,0.0,0.6956521739130435,0.3478260869565217,0.391304347826087,0.2608695652173913
1031,0.4107142857142857,0.2142857142857143,0.6071428571428571,0.5,0.3571428571428571,0.1071428571428571
1192,0.26,0.5,0.38,0.48,0.28,0.22
1091,0.3194444444444444,0.0,0.8888888888888888,0.0277777777777777,0.25,0.1666666666666666
1175,0.2142857142857142,0.0,1.0,0.2857142857142857,0.4285714285714285,0.2857142857142857
1188,0.3333333333333333,0.1666666666666666,0.5833333333333334,0.5,0.2222222222222222,0.2777777777777778
1177,0.40625,0.21875,0.59375,0.28125,0.46875,0.25
1171,0.0,0.0,1.0,0.0,0.0,1.0
1146,0.3108108108108108,0.3243243243243243,0.5405405405405406,0.1621621621621621,0.2972972972972973,0.4054054054054054
1159,0.4642857142857143,0.0,0.5,0.1428571428571428,0.6428571428571429,0.2142857142857142
1002,0.2195121951219512,0.0,0.7073170731707317,0.2195121951219512,0.2195121951219512,0.3414634146341463
1166,0.2254901960784313,0.2941176470588235,0.5098039215686274,0.0784313725490196,0.2549019607843137,0.2156862745098039
1099,0.4074074074074074,0.074074074074074,0.7407407407407407,0.2222222222222222,0.3333333333333333,0.3333333333333333
1122,0.2586206896551724,0.0,0.7586206896551724,0.3793103448275862,0.3103448275862069,0.2758620689655172
1171,0.2833333333333333,0.0,0.6,0.2666666666666666,0.3,0.3
1018,0.2352941176470588,0.0,0.4117647058823529,0.1764705882352941,0.4117647058823529,0.4117647058823529
1159,0.25,0.2083333333333333,0.6458333333333334,0.0833333333333333,0.2291666666666666,0.3541666666666667
1115,0.2357142857142857,0.6428571428571428,0.2,0.3571428571428571,0.3428571428571428,0.2285714285714285
1156,0.3289473684210526,0.3157894736842105,0.5263157894736842,0.1842105263157894,0.4210526315789473,0.2368421052631578
1197,0.1785714285714285,0.0,0.0714285714285714,0.0714285714285714,0.5,0.4285714285714285
1169,0.25,0.0,0.7,0.15,0.2,0.5
1149,0.2,0.0,0.1,0.6,0.0,0.4
1179,0.35,0.0,0.6,0.2,0.3,0.5
1148,0.217391304347826,0.0,0.6521739130434783,0.2608695652173913,0.4347826086956521,0.3043478260869565
1073,0.3,0.0,0.76,0.68,0.2,0.12
1193,0.3125,0.0,0.125,0.0,0.375,0.5
1006,0.15,0.0,1.0,0.0,0.2,0.3
1099,0.2083333333333333,0.0,0.6944444444444444,0.1388888888888889,0.3888888888888889,0.2222222222222222
1173,0.34375,0.0,0.8125,0.15625,0.21875,0.3125
1081,0.3709677419354839,0.2258064516129032,0.5483870967741935,0.2903225806451613,0.4193548387096774,0.2580645161290322
1159,0.3235294117647059,0.0,0.6470588235294118,0.0588235294117647,0.5882352941176471,0.3529411764705882
1118,0.25,0.1739130434782608,0.6304347826086957,0.1739130434782608,0.217391304347826,0.2826086956521739
1107,0.2307692307692307,0.0,0.6153846153846154,0.2692307692307692,0.2307692307692307,0.4230769230769231
1146,0.3205128205128205,0.4358974358974359,0.358974358974359,0.5128205128205128,0.2307692307692307,0.2307692307692307
1187,0.2857142857142857,0.0,0.6785714285714286,0.1428571428571428,0.2142857142857142,0.3214285714285714
1187,0.3793103448275862,0.0689655172413793,0.6896551724137931,0.1379310344827586,0.4482758620689655,0.2413793103448276
1151,0.1956521739130435,0.0,0.7391304347826086,0.217391304347826,0.5652173913043478,0.217391304347826
1057,0.2,0.0,1.0,0.1333333333333333,0.6,0.2666666666666666
1015,0.2857142857142857,0.4897959183673469,0.3877551020408163,0.1428571428571428,0.1836734693877551,0.3061224489795918
1192,0.2833333333333333,0.0,0.8333333333333334,0.3666666666666666,0.4666666666666667,0.1666666666666666
1176,0.2604166666666667,0.4791666666666666,0.375,0.5625,0.1458333333333333,0.1458333333333333
1173,0.2631578947368421,0.0,0.7631578947368421,0.3421052631578947,0.2368421052631578,0.2368421052631578
1016,0.25,0.0,0.8,0.05,0.225,0.25
1127,0.4333333333333333,0.0,0.3333333333333333,0.2666666666666666,0.4,0.3333333333333333
1152,0.2142857142857142,0.0,0.2857142857142857,0.1428571428571428,0.5,0.3571428571428571
1090,0.1935483870967742,0.0,0.9032258064516128,0.1935483870967742,0.2903225806451613,0.1290322580645161
1119,0.24,0.4,0.4,0.22,0.56,0.22
1171,0.2272727272727272,0.0,0.0909090909090909,0.0,0.5454545454545454,0.4545454545454545
1159,0.2647058823529412,0.0,0.7647058823529411,0.088235294117647,0.4117647058823529,0.2647058823529412
1158,0.3,0.62,0.28,0.3,0.16,0.3
1047,0.1470588235294117,0.0,0.2352941176470588,0.1176470588235294,0.2941176470588235,0.5882352941176471
1154,0.1875,0.0,0.4375,0.5,0.375,0.0625
1192,0.221311475409836,0.4426229508196722,0.4426229508196721,0.180327868852459,0.2459016393442623,0.2786885245901639
1111,0.2692307692307692,0.0,0.1538461538461538,0.0,0.4615384615384615,0.5384615384615384
1189,0.2777777777777778,0.0,0.1111111111111111,0.4444444444444444,0.2222222222222222,0.2222222222222222
1128,0.234375,0.0,0.5,0.25,0.3125,0.28125
1131,0.375,0.0,1.0,0.5,0.25,0.25
1173,0.2647058823529412,0.0,0.8235294117647058,0.0,0.4117647058823529,0.5294117647058824
1123,0.25,0.0,0.7058823529411765,0.2941176470588235,0.3529411764705882,0.2941176470588235
1121,0.0,0.0,1.0,0.0,0.0,1.0
1099,0.1515151515151515,0.0,0.4545454545454545,0.1212121212121212,0.4848484848484848,0.2727272727272727
1135,0.2083333333333333,0.2916666666666666,0.4375,0.1875,0.3958333333333333,0.375
1106,0.0,0.0,1.0,0.0,0.0,1.0
1100,0.3333333333333333,0.1388888888888888,0.3611111111111111,0.3611111111111111,0.3611111111111111,0.2777777777777778
1155,0.4375,0.0,0.5,0.0,0.625,0.125
1139,0.3448275862068966,0.2758620689655172,0.5517241379310345,0.2413793103448276,0.3448275862068966,0.3793103448275862
1107,0.2540983606557377,0.6557377049180328,0.2459016393442623,0.1475409836065573,0.3770491803278688,0.1967213114754098
1112,0.3125,0.0,0.875,0.21875,0.21875,0.34375
1170,0.2741935483870967,0.0,0.5806451612903226,0.2903225806451613,0.4516129032258064,0.1935483870967742
1140,0.1875,0.0,0.1875,0.25,0.3125,0.4375
1027,0.0,0.0,1.0,0.0,0.0,1.0
1116,0.0909090909090909,0.0,1.0,0.0,0.6363636363636364,0.3636363636363636
1121,0.2592592592592592,0.3703703703703703,0.4814814814814814,0.1481481481481481,0.2222222222222222,0.2962962962962963
1186,0.3484848484848485,0.2424242424242424,0.4848484848484848,0.2121212121212121,0.3636363636363636,0.2727272727272727
1193,0.3035714285714285,0.0,0.5714285714285714,0.1785714285714285,0.3571428571428571,0.3571428571428571
1042,0.2093023255813953,0.2325581395348837,0.4186046511627907,0.1162790697674418,0.2790697674418604,0.4883720930232558
1034,0.0833333333333333,0.0,1.0,0.0,0.5,0.5
1142,0.375,0.0,0.7916666666666666,0.2916666666666667,0.375,0.3333333333333333
1134,0.0,0.0,1.0,0.0,0.0,1.0
1150,0.2307692307692307,0.0,0.6923076923076923,0.1923076923076923,0.2692307692307692,0.3076923076923077
1066,0.1818181818181818,0.0,0.3636363636363636,0.2272727272727272,0.0909090909090909,0.5454545454545454
1199,0.2410714285714285,0.375,0.375,0.1607142857142857,0.1964285714285714,0.3392857142857143
1147,0.0,0.0,1.0,0.6666666666666666,0.1666666666666666,0.1666666666666666
1175,0.2162162162162162,0.0,0.8378378378378378,0.1351351351351351,0.2972972972972973,0.3783783783783784
1118,0.2777777777777778,0.0,0.5555555555555556,0.1111111111111111,0.3888888888888889,0.4444444444444444
1192,0.25,0.0,0.7307692307692307,0.2692307692307692,0.3461538461538461,0.3076923076923077
1187,0.4210526315789473,0.4473684210526315,0.4473684210526316,0.3684210526315789,0.2631578947368421,0.131578947368421
1008,0.125,0.0,1.0,0.0,0.25,0.6666666666666666
1009,0.4090909090909091,0.3863636363636363,0.4318181818181818,0.5,0.3181818181818182,0.1590909090909091
1141,0.2884615384615384,0.0,0.5769230769230769,0.1153846153846153,0.6923076923076923,0.1538461538461538
1110,0.3225806451612903,0.0967741935483871,0.5806451612903226,0.2903225806451613,0.4193548387096774,0.1935483870967742
1190,0.4090909090909091,0.0,0.5454545454545454,0.2727272727272727,0.3636363636363636,0.3636363636363636
1147,0.25,0.0,0.3333333333333333,0.1666666666666666,0.5,0.25
1139,0.2954545454545454,0.0,0.6363636363636364,0.2272727272727272,0.1818181818181818,0.5
1046,0.0,0.0,1.0,0.0,0.6666666666666666,0.3333333333333333
1026,0.2333333333333333,0.1555555555555555,0.4666666666666667,0.0888888888888888,0.2444444444444444,0.2666666666666666
1079,0.2916666666666667,0.0,0.25,0.25,0.5,0.25
1148,0.225,0.0,0.6,0.15,0.225,0.25
1017,0.375,0.0,0.8,0.4,0.15,0.35
1149,0.2711864406779661,0.6271186440677966,0.3220338983050847,0.2372881355932203,0.3050847457627119,0.3728813559322034
1036,0.2142857142857142,0.0,1.0,0.0,0.2857142857142857,0.7142857142857143
1143,0.1428571428571428,0.0,1.0,0.1428571428571428,0.1428571428571428,0.7142857142857143
1185,0.3095238095238095,0.0,0.4761904761904761,0.1428571428571428,0.5714285714285714,0.2857142857142857
1160,0.2833333333333333,0.0,0.9,0.0666666666666666,0.5666666666666667,0.3333333333333333
1116,0.2678571428571428,0.0,0.7142857142857143,0.2142857142857142,0.5357142857142857,0.25
1186,0.18,0.0,0.56,0.16,0.28,0.52
1052,0.5625,0.1666666666666666,0.5416666666666666,0.3333333333333333,0.4166666666666667,0.2083333333333333
1116,0.25,0.0,1.0,0.0,0.4,0.6
1123,0.3870967741935484,0.2580645161290322,0.5806451612903226,0.2258064516129032,0.2903225806451613,0.2258064516129032
1090,0.2840909090909091,0.2954545454545454,0.5454545454545454,0.2954545454545454,0.3863636363636363,0.25
1143,0.4285714285714285,0.0,0.1428571428571428,0.0,0.7142857142857143,0.2857142857142857
1099,0.204225352112676,0.3943661971830986,0.4507042253521127,0.3380281690140845,0.0845070422535211,0.2112676056338028
1108,0.2972972972972973,0.1081081081081081,0.6486486486486487,0.4324324324324324,0.1621621621621621,0.2702702702702703
1045,0.2692307692307692,0.0,0.5,0.2692307692307692,0.2307692307692307,0.4230769230769231
1149,0.35,0.425,0.45,0.325,0.225,0.325
1045,0.2564102564102564,0.0,0.6410256410256411,0.2564102564102564,0.2051282051282051,0.3846153846153846
1175,0.2307692307692307,0.0,0.5384615384615384,0.3076923076923077,0.3076923076923077,0.3076923076923077
1171,0.1451612903225806,0.0,0.9032258064516128,0.0967741935483871,0.1612903225806451,0.1612903225806451
1188,0.2058823529411764,0.0,0.4117647058823529,0.1176470588235294,0.2941176470588235,0.5294117647058824
1163,0.125,0.0,1.0,0.0,0.5,0.5
1097,0.25,0.0,0.45,0.25,0.4,0.35
1088,0.2631578947368421,0.0,0.7368421052631579,0.1578947368421052,0.5789473684210527,0.2631578947368421
1140,0.2674418604651162,0.6511627906976745,0.2093023255813953,0.0697674418604651,0.3953488372093023,0.2558139534883721
1187,0.24,0.0,0.84,0.32,0.4,0.24
1124,0.2727272727272727,0.0,0.7727272727272727,0.2727272727272727,0.3636363636363636,0.3181818181818182
1194,0.38,0.0,0.76,0.04,0.52,0.44
1190,0.1,0.0,1.0,0.0,0.2,0.8
1047,0.16,0.0,0.64,0.2,0.28,0.2
1044,0.3428571428571428,0.2571428571428571,0.6,0.3428571428571428,0.2857142857142857,0.3428571428571428
1072,0.0333333333333333,0.0,1.0,0.1333333333333333,0.2,0.4666666666666667
1199,0.3142857142857143,0.0,0.7142857142857143,0.2857142857142857,0.2571428571428571,0.2857142857142857
1043,0.3404255319148936,0.4255319148936169,0.2765957446808511,0.3191489361702128,0.2765957446808511,0.2553191489361702
1158,0.3333333333333333,0.0,0.6666666666666666,0.3333333333333333,0.4166666666666667,0.25
1199,0.2,0.0,1.0,0.0,0.4,0.6
1136,0.1842105263157894,0.0,0.2631578947368421,0.1578947368421052,0.2631578947368421,0.4210526315789473
1180,0.3571428571428571,0.0,0.1428571428571428,0.0,0.8571428571428571,0.1428571428571428
1195,0.2083333333333333,0.0,0.6944444444444444,0.2222222222222222,0.3611111111111111,0.2222222222222222
1016,0.4259259259259259,0.037037037037037,0.7037037037037037,0.3333333333333333,0.4074074074074074,0.2592592592592592
1125,0.2553191489361702,0.4680851063829787,0.3829787234042553,0.2127659574468085,0.2553191489361702,0.4042553191489361
1193,0.4090909090909091,0.0,0.3636363636363636,0.2727272727272727,0.4545454545454545,0.2727272727272727
1123,0.2073170731707317,0.0,0.8292682926829268,0.2682926829268293,0.2195121951219512,0.2439024390243902
1063,0.1842105263157894,0.0,0.5263157894736842,0.2105263157894736,0.3157894736842105,0.4736842105263157
1087,0.2592592592592592,0.3333333333333333,0.5185185185185185,0.1111111111111111,0.3703703703703703,0.1481481481481481
1173,0.3076923076923077,0.0,0.3846153846153846,0.3076923076923077,0.3076923076923077,0.3846153846153846
1072,0.2142857142857142,0.0,1.0,0.1428571428571428,0.2857142857142857,0.5714285714285714
1143,0.0625,0.0,1.0,0.0,0.5,0.5
1034,0.3333333333333333,0.0,0.5714285714285714,0.238095238095238,0.4761904761904761,0.2857142857142857
1128,0.1428571428571428,0.0,0.25,0.1071428571428571,0.3928571428571428,0.4642857142857143
1077,0.2578125,0.53125,0.265625,0.28125,0.40625,0.265625
1180,0.3181818181818182,0.0,0.3636363636363636,0.1818181818181818,0.3636363636363636,0.4545454545454545
1154,0.0,0.0,1.0,0.0,0.5,0.5
1086,0.1818181818181818,0.0,0.1818181818181818,0.0,0.6363636363636364,0.3636363636363636
1197,0.3225806451612903,0.0967741935483871,0.5483870967741935,0.2903225806451613,0.2903225806451613,0.3548387096774194
1122,0.3235294117647059,0.0,0.6470588235294118,0.1764705882352941,0.3529411764705882,0.4705882352941176
1054,0.2678571428571428,0.0,0.5714285714285714,0.25,0.3928571428571428,0.3214285714285714
1172,0.4166666666666667,0.0,0.8333333333333334,0.625,0.1666666666666666,0.1666666666666666
1157,0.2727272727272727,0.1212121212121212,0.6666666666666666,0.4545454545454545,0.2727272727272727,0.2121212121212121
1150,0.2096774193548387,0.3225806451612903,0.5806451612903226,0.2419354838709677,0.2580645161290322,0.2258064516129032
1181,0.3035714285714285,0.0,0.8928571428571429,0.1428571428571428,0.7142857142857143,0.1428571428571428
1179,0.3846153846153846,0.2564102564102564,0.4871794871794871,0.5128205128205128,0.2051282051282051,0.2564102564102564
1091,0.0,0.0,1.0,0.0,0.0,1.0
1171,0.4375,0.0,0.5,0.25,0.25,0.5
1190,0.1590909090909091,0.0,0.6136363636363636,0.4318181818181818,0.2045454545454545,0.2272727272727272
1087,0.2441860465116279,0.4883720930232558,0.2558139534883721,0.3023255813953488,0.2325581395348837,0.3255813953488372
1160,0.6,0.0,0.2,0.0,0.6,0.4
1106,0.25,0.0,0.5,0.1111111111111111,0.4444444444444444,0.4444444444444444
1161,0.3125,0.0,0.125,0.0,0.875,0.125
1143,0.2704918032786885,0.3934426229508196,0.4098360655737705,0.360655737704918,0.3278688524590163,0.2950819672131147
1151,0.25,0.0,0.5769230769230769,0.2692307692307692,0.3846153846153846,0.1923076923076923
1064,0.3333333333333333,0.0,0.4166666666666667,0.25,0.5,0.25
1041,0.2407407407407407,0.0,0.7037037037037037,0.1851851851851851,0.3333333333333333,0.3703703703703703
1177,0.6086956521739131,0.217391304347826,0.5217391304347826,0.3043478260869565,0.391304347826087,0.2608695652173913
1026,0.1916666666666666,0.05,0.8,0.2666666666666666,0.1,0.2666666666666666
1127,0.2083333333333333,0.0,0.0833333333333333,0.25,0.4166666666666667,0.3333333333333333
1132,0.3421052631578947,0.0,0.5263157894736842,0.2631578947368421,0.3684210526315789,0.3684210526315789
1139,0.28125,0.0,0.375,0.0625,0.5625,0.375
1125,0.2765957446808511,0.5957446808510638,0.2340425531914893,0.1702127659574468,0.3829787234042553,0.3404255319148936
1148,0.3260869565217391,0.0,0.8260869565217391,0.1739130434782608,0.391304347826087,0.3478260869565217
1190,0.1666666666666666,0.0,1.0,0.0,0.3333333333333333,0.6666666666666666
1160,0.2894736842105263,0.0,0.7368421052631579,0.2631578947368421,0.2105263157894736,0.5263157894736842
1131,0.2241379310344827,0.0,0.5862068965517241,0.2068965517241379,0.4137931034482758,0.3448275862068966
1141,0.2352941176470588,0.0,0.4705882352941176,0.0588235294117647,0.4705882352941176,0.4705882352941176
1099,0.3809523809523809,0.0,0.4761904761904761,0.0,0.4761904761904761,0.5238095238095238
1175,0.75,0.0,1.0,0.0,0.0,1.0
1079,0.3269230769230769,0.0,0.6923076923076923,0.1923076923076923,0.2692307692307692,0.2692307692307692
1141,0.3703703703703703,0.0,0.8888888888888888,0.1851851851851851,0.1851851851851851,0.3703703703703703
1189,0.2291666666666666,0.1875,0.7083333333333334,0.3333333333333333,0.1666666666666666,0.3541666666666667
1198,0.6875,0.2916666666666666,0.3333333333333333,0.5416666666666666,0.2083333333333333,0.25
1112,0.2878787878787879,0.0,0.5454545454545454,0.1818181818181818,0.2424242424242424,0.3636363636363636
1168,0.3571428571428571,0.1071428571428571,0.5714285714285714,0.2142857142857142,0.3928571428571428,0.25
1070,0.3076923076923077,0.0,0.6923076923076923,0.0769230769230769,0.0,0.9230769230769232
1144,0.125,0.0,1.0,0.5,0.0,0.5
1163,0.15,0.0,1.0,0.0,0.2,0.8
1047,0.1911764705882352,0.0,0.5,0.5,0.2941176470588235,0.1176470588235294
1045,0.0,0.0,1.0,0.0,0.0,1.0
1176,0.3103448275862069,0.0,0.8620689655172413,0.1724137931034483,0.2413793103448276,0.2758620689655172
1138,0.15625,0.109375,0.75,0.359375,0.234375,0.28125
1159,0.28,0.0,0.64,0.12,0.6,0.24
1149,0.22,0.0,0.84,0.16,0.6,0.24
1189,0.28,0.0,0.72,0.12,0.36,0.4
1134,0.4230769230769231,0.0,0.6923076923076923,0.4615384615384615,0.3076923076923077,0.1538461538461538
1192,0.2063492063492063,0.6190476190476191,0.238095238095238,0.4126984126984127,0.1587301587301587,0.2063492063492063
1186,0.2333333333333333,0.0,0.5,0.5333333333333333,0.1666666666666666,0.2
1057,0.1866666666666666,0.4533333333333333,0.44,0.12,0.1066666666666666,0.2933333333333333
1016,0.25,0.0,0.2857142857142857,0.2142857142857142,0.5714285714285714,0.1428571428571428
1011,0.3518518518518518,0.0,0.8148148148148148,0.1481481481481481,0.4074074074074074,0.4074074074074074
1019,0.2826086956521739,0.0,0.5652173913043478,0.1739130434782608,0.1739130434782608,0.6086956521739131
1154,0.3333333333333333,0.0,0.6666666666666666,0.0476190476190476,0.5714285714285714,0.3809523809523809
1011,0.2777777777777778,0.0,0.3888888888888889,0.2222222222222222,0.2222222222222222,0.5
1164,0.2027027027027027,0.0,0.8108108108108109,0.2702702702702703,0.2702702702702703,0.3783783783783784
1149,0.2291666666666666,0.0,0.7083333333333334,0.375,0.2916666666666667,0.3333333333333333
1147,0.2692307692307692,0.0,0.1538461538461538,0.2307692307692307,0.3846153846153846,0.3846153846153846
1196,0.1590909090909091,0.0,0.4545454545454545,0.0909090909090909,0.5909090909090909,0.3181818181818182
1150,0.2291666666666666,0.0,0.75,0.2083333333333333,0.5416666666666666,0.25
1163,0.3333333333333333,0.0,0.6666666666666666,0.3333333333333333,0.2083333333333333,0.25
1133,0.2352941176470588,0.0,0.6764705882352942,0.1176470588235294,0.3235294117647059,0.2941176470588235
1073,0.4305555555555556,0.25,0.5555555555555556,0.3611111111111111,0.25,0.3055555555555556
1182,0.3333333333333333,0.4523809523809523,0.4285714285714285,0.1904761904761904,0.4047619047619047,0.3333333333333333
1168,0.0,0.0,1.0,0.0,0.0,1.0
1094,0.1875,0.0,0.375,0.3125,0.25,0.4375
1052,0.2234042553191489,0.1914893617021277,0.6170212765957447,0.1489361702127659,0.2553191489361702,0.2553191489361702
1177,0.2727272727272727,0.0606060606060605,0.8181818181818182,0.2424242424242424,0.303030303030303,0.4242424242424242
1151,0.4772727272727273,0.0454545454545454,0.4545454545454545,0.2272727272727272,0.4545454545454545,0.3181818181818182
1100,0.2804878048780488,0.1463414634146341,0.6829268292682927,0.3658536585365853,0.2195121951219512,0.3414634146341463
1131,0.25,0.0,1.0,0.1666666666666666,0.5,0.3333333333333333
1098,0.2358490566037736,0.4339622641509434,0.3962264150943396,0.1886792452830188,0.2452830188679245,0.1698113207547169
1104,0.2205882352941176,0.0,0.7352941176470589,0.2941176470588235,0.3235294117647059,0.3235294117647059
1138,0.25,0.0,0.6538461538461539,0.2307692307692307,0.3461538461538461,0.3461538461538461
1113,0.1923076923076923,0.1999999999999999,0.5846153846153846,0.2153846153846154,0.1538461538461538,0.2307692307692307
1158,0.3,0.5800000000000001,0.3,0.5,0.16,0.24
1169,0.2272727272727272,0.0,0.4545454545454545,0.2272727272727272,0.4545454545454545,0.3181818181818182
1130,0.125,0.0,1.0,0.0,0.5,0.5
1199,0.2,0.0,0.6,0.2571428571428571,0.4285714285714285,0.2857142857142857
1100,0.28125,0.0,0.625,0.25,0.5,0.25
1176,0.25,0.0,0.7,0.2333333333333333,0.3333333333333333,0.3666666666666666
1061,0.0416666666666666,0.0,1.0,0.1666666666666666,0.5,0.3333333333333333
1082,0.1764705882352941,0.0,0.5294117647058824,0.1176470588235294,0.4117647058823529,0.4117647058823529
1140,0.2833333333333333,0.0,0.7,0.1333333333333333,0.3666666666666666,0.3666666666666666
1054,0.2592592592592592,0.4444444444444444,0.2777777777777778,0.1481481481481481,0.2592592592592592,0.3518518518518518
1179,0.3428571428571428,0.2571428571428571,0.3428571428571428,0.3428571428571428,0.4285714285714285,0.2285714285714285
1152,0.25,0.0,0.25,0.3125,0.375,0.25
1185,0.5161290322580645,0.2258064516129032,0.6451612903225806,0.4838709677419355,0.3225806451612903,0.1935483870967742
1165,0.25,0.0,0.7,0.5,0.25,0.25
1072,0.2765957446808511,0.5106382978723405,0.4042553191489361,0.0851063829787234,0.3617021276595745,0.1914893617021276
1157,0.2916666666666667,0.0,0.4166666666666667,0.3333333333333333,0.4166666666666667,0.25
1144,0.2692307692307692,0.0,0.5384615384615384,0.1538461538461538,0.5384615384615384,0.3076923076923077
1159,0.0,0.0,1.0,0.0,0.4,0.6
1173,0.1,0.0,1.0,0.0,0.4,0.6
1005,0.238095238095238,0.0,0.5238095238095238,0.0952380952380952,0.3809523809523809,0.3333333333333333
1178,0.2692307692307692,0.0,0.2307692307692307,0.3076923076923077,0.4615384615384615,0.2307692307692307
1005,0.46875,0.0,0.5625,0.4375,0.375,0.1875
1104,0.2115384615384615,0.0,0.5769230769230769,0.2307692307692307,0.2692307692307692,0.3461538461538461
1160,0.25,0.0,0.7307692307692307,0.2307692307692307,0.5,0.2307692307692307
1160,0.2777777777777778,0.1388888888888888,0.6388888888888888,0.4444444444444444,0.25,0.25
1133,0.2692307692307692,0.3589743589743589,0.5641025641025641,0.282051282051282,0.3076923076923077,0.1794871794871795
1151,0.4772727272727273,0.0454545454545454,0.4545454545454545,0.2272727272727272,0.4545454545454545,0.3181818181818182
1067,0.2333333333333333,0.0,0.7666666666666667,0.2333333333333333,0.3333333333333333,0.2333333333333333
1134,0.2685185185185185,0.4814814814814815,0.3518518518518518,0.3703703703703703,0.2037037037037037,0.3518518518518518
1091,0.2096774193548387,0.0,0.5806451612903226,0.064516129032258,0.2580645161290322,0.3225806451612903
1080,0.25,0.0,0.7352941176470589,0.2352941176470588,0.5294117647058824,0.2352941176470588
1089,0.2884615384615384,0.0,0.5769230769230769,0.2307692307692307,0.3846153846153846,0.1923076923076923
1157,0.1666666666666666,0.0,0.4166666666666667,0.0833333333333333,0.3333333333333333,0.5
1017,0.2741935483870967,0.0,0.6774193548387096,0.0967741935483871,0.4193548387096774,0.3548387096774194
1184,0.1851851851851851,0.0,0.3333333333333333,0.2962962962962963,0.2592592592592592,0.4444444444444444
1053,0.2916666666666667,0.0,0.6388888888888888,0.2222222222222222,0.3055555555555556,0.3888888888888889
1097,0.5,0.0,0.4615384615384615,0.1538461538461538,0.4615384615384615,0.3076923076923077
1115,0.2357142857142857,0.6428571428571428,0.2,0.3571428571428571,0.3428571428571428,0.2285714285714285
1042,0.2444444444444444,0.0,0.7111111111111111,0.1111111111111111,0.2444444444444444,0.2222222222222222
1149,0.0,0.0,1.0,0.3333333333333333,0.0,0.6666666666666666
1162,0.2307692307692307,0.0,0.7435897435897436,0.3333333333333333,0.3846153846153846,0.282051282051282
1062,0.34,0.0,0.76,0.32,0.52,0.16
1084,0.3636363636363636,0.1818181818181817,0.6060606060606061,0.3636363636363636,0.3939393939393939,0.1515151515151515
1122,0.1578947368421052,0.0,0.3157894736842105,0.0,0.5263157894736842,0.3157894736842105
1152,0.4090909090909091,0.0,0.7727272727272727,0.2272727272727272,0.4090909090909091,0.3636363636363636
1018,0.2777777777777778,0.0,0.2222222222222222,0.0,0.3333333333333333,0.6666666666666666
1160,0.2,0.0,0.2,0.2666666666666666,0.1333333333333333,0.4
1128,0.3205128205128205,0.1794871794871795,0.4615384615384615,0.358974358974359,0.358974358974359,0.282051282051282
1177,0.1,0.0,1.0,0.0,0.4,0.6
1167,0.2571428571428571,0.0,0.6857142857142857,0.3428571428571428,0.4571428571428571,0.2
1137,0.2,0.0,1.0,0.0,0.4,0.6
1116,0.2058823529411764,0.1568627450980392,0.5686274509803921,0.196078431372549,0.3137254901960784,0.3137254901960784
1167,0.3225806451612903,0.0967741935483871,0.5483870967741935,0.3225806451612903,0.3870967741935484,0.2903225806451613
1017,0.2063492063492063,0.4761904761904761,0.4285714285714285,0.1746031746031746,0.3015873015873015,0.3015873015873015
1084,0.25,0.0,1.0,0.0,0.1666666666666666,0.8333333333333334
1065,0.3,0.0,1.0,0.0,0.4,0.6
1070,0.4666666666666667,0.0,0.6,0.1333333333333333,0.6,0.2666666666666666
1169,0.44,0.04,0.8,0.12,0.48,0.32
1185,0.3448275862068966,0.1034482758620689,0.6206896551724138,0.3103448275862069,0.3103448275862069,0.3103448275862069
1030,0.2692307692307692,0.4423076923076923,0.3846153846153846,0.173076923076923,0.4038461538461538,0.25
1036,0.46875,0.34375,0.40625,0.03125,0.6875,0.28125
1154,0.0,0.0,1.0,0.0,0.0,1.0
1131,0.173076923076923,0.0,0.6153846153846154,0.2307692307692307,0.3076923076923077,0.3461538461538461
1130,0.2840909090909091,0.2272727272727273,0.6136363636363636,0.0909090909090909,0.1818181818181818,0.4318181818181818
1137,0.3076923076923077,0.0,0.8076923076923077,0.4230769230769231,0.3846153846153846,0.1923076923076923
1130,0.25,0.0,1.0,0.0,0.5,0.3333333333333333
1094,0.0,0.0,1.0,0.0,0.5,0.5
1146,0.2613636363636363,0.2954545454545454,0.4318181818181818,0.1136363636363636,0.2727272727272727,0.3409090909090909
1077,0.303030303030303,0.1212121212121212,0.6363636363636364,0.3333333333333333,0.303030303030303,0.3636363636363636
1149,0.1521739130434782,0.0,0.6521739130434783,0.0869565217391304,0.3478260869565217,0.5652173913043478
1176,0.2941176470588235,0.0,0.8235294117647058,0.3529411764705882,0.2058823529411764,0.3529411764705882
1073,0.4655172413793103,0.1724137931034483,0.6896551724137931,0.4137931034482758,0.3793103448275862,0.2068965517241379
1011,0.3,0.4,0.4888888888888889,0.1777777777777777,0.4222222222222222,0.1555555555555555
1003,0.25,0.0,0.6538461538461539,0.1538461538461538,0.3461538461538461,0.3461538461538461
1030,0.24,0.0,0.56,0.28,0.24,0.36
1095,0.3157894736842105,0.2631578947368421,0.631578947368421,0.5,0.2368421052631578,0.0789473684210526
1101,0.3780487804878049,0.4390243902439024,0.2926829268292683,0.1951219512195122,0.4146341463414634,0.3414634146341463
1132,0.2777777777777778,0.0,0.2222222222222222,0.1111111111111111,0.3333333333333333,0.5555555555555556
1183,0.3461538461538461,0.0,0.3076923076923077,0.1538461538461538,0.3846153846153846,0.4615384615384615
1160,0.2727272727272727,0.0,0.1818181818181818,0.0909090909090909,0.6363636363636364,0.2727272727272727
1193,0.265625,0.0,0.8125,0.34375,0.4375,0.09375
1162,0.1875,0.0,0.5625,0.0625,0.4375,0.375
1118,0.4038461538461538,0.0384615384615384,0.6153846153846154,0.1538461538461538,0.5769230769230769,0.2692307692307692
1112,0.2241379310344827,0.2931034482758621,0.4655172413793103,0.2586206896551724,0.2586206896551724,0.293103448275862
1140,0.3076923076923077,0.0,0.3846153846153846,0.1538461538461538,0.6153846153846154,0.2307692307692307
1164,0.3333333333333333,0.3076923076923077,0.5897435897435898,0.3076923076923077,0.3846153846153846,0.1794871794871795
1169,0.125,0.0,1.0,0.5,0.1666666666666666,0.3333333333333333
1150,0.2884615384615384,0.0,0.6538461538461539,0.1923076923076923,0.4230769230769231,0.3076923076923077
1016,0.2903225806451613,0.0,0.6451612903225806,0.1290322580645161,0.3548387096774194,0.3225806451612903
1154,0.25,0.0,1.0,0.0,0.6666666666666666,0.3333333333333333
1135,0.24,0.0,0.4,0.24,0.32,0.36
1046,0.275,0.0,0.6,0.25,0.3,0.3
1155,0.3333333333333333,0.0,0.5,0.2222222222222222,0.3888888888888889,0.3333333333333333
1120,0.2419354838709677,0.0,0.6451612903225806,0.3548387096774194,0.3548387096774194,0.2580645161290322
1148,0.3,0.0,0.76,0.2,0.4,0.4
1068,0.3673469387755102,0.4081632653061224,0.3265306122448979,0.1836734693877551,0.3265306122448979,0.1632653061224489
1151,0.6923076923076923,0.0,0.5384615384615384,0.6153846153846154,0.2307692307692307,0.1538461538461538
1070,0.3541666666666667,0.0,0.625,0.2083333333333333,0.4583333333333333,0.3333333333333333
1128,0.2083333333333333,0.0,0.6666666666666666,0.125,0.375,0.25
1096,0.3,0.0,0.76,0.28,0.36,0.36
1111,0.5238095238095238,0.0952380952380952,0.5238095238095238,0.3333333333333333,0.5238095238095238,0.1428571428571428
1183,0.3214285714285714,0.0,0.7142857142857143,0.3571428571428571,0.4285714285714285,0.2142857142857142
1198,0.25,0.0,1.0,0.0,0.0,1.0
1108,0.2878787878787879,0.0,0.8181818181818182,0.1818181818181818,0.3333333333333333,0.4242424242424242
1184,0.1911764705882352,0.0,0.7647058823529411,0.5,0.2352941176470588,0.2647058823529412
1192,0.2608695652173913,0.0,0.8260869565217391,0.1304347826086956,0.4347826086956521,0.4347826086956521
1175,0.2727272727272727,0.0,0.7272727272727273,0.4090909090909091,0.3181818181818182,0.2727272727272727
1172,0.2857142857142857,0.0,0.7142857142857143,0.3214285714285714,0.3571428571428571,0.2857142857142857
1116,0.0909090909090909,0.0,1.0,0.0,0.6363636363636364,0.3636363636363636
1088,0.1111111111111111,0.0,1.0,0.0,0.4444444444444444,0.5555555555555556
1174,0.2,0.0,0.4,0.0666666666666666,0.2666666666666666,0.5333333333333333
1190,0.3064516129032258,0.0,0.7096774193548387,0.4193548387096774,0.2258064516129032,0.3548387096774194
1028,0.2105263157894736,0.0,1.0,0.2631578947368421,0.3157894736842105,0.3157894736842105
1013,0.32,0.0,0.68,0.44,0.28,0.28
1176,0.3295454545454545,0.2272727272727273,0.5,0.3409090909090909,0.3181818181818182,0.2272727272727272
1152,0.2586206896551724,0.0,0.7931034482758621,0.3448275862068966,0.5172413793103449,0.1379310344827586
1183,0.3571428571428571,0.0,0.8095238095238095,0.1428571428571428,0.5714285714285714,0.238095238095238
1148,0.5,0.0,0.2857142857142857,0.0,0.5714285714285714,0.4285714285714285
1100,0.3333333333333333,0.1388888888888888,0.3611111111111111,0.3611111111111111,0.3611111111111111,0.2777777777777778
1112,0.3490566037735849,0.4339622641509434,0.4528301886792453,0.4150943396226415,0.3773584905660377,0.2075471698113207
1118,0.2916666666666667,0.0,0.25,0.0,0.1666666666666666,0.8333333333333334
1099,0.2727272727272727,0.0,0.6818181818181818,0.0454545454545454,0.4090909090909091,0.3181818181818182
1034,0.2391304347826087,0.0,0.4347826086956521,0.0434782608695652,0.6521739130434783,0.3043478260869565
1171,0.45,0.0,0.3,0.0,0.8,0.2
1099,0.125,0.0,1.0,0.0,0.5,0.5
1009,0.2619047619047619,0.0,0.4285714285714285,0.238095238095238,0.5238095238095238,0.238095238095238
1140,0.4375,0.0416666666666666,0.75,0.3333333333333333,0.2916666666666667,0.375
1097,0.2307692307692307,0.0,0.5769230769230769,0.3461538461538461,0.2307692307692307,0.3076923076923077
1065,0.3214285714285714,0.0,0.6785714285714286,0.4642857142857143,0.3214285714285714,0.1428571428571428
1100,0.1875,0.0,1.0,0.25,0.375,0.375
1052,0.3064516129032258,0.0645161290322581,0.5806451612903226,0.2258064516129032,0.4193548387096774,0.3225806451612903
1197,0.25,0.0,0.6470588235294118,0.2941176470588235,0.2352941176470588,0.2941176470588235
1162,0.2941176470588235,0.0,0.6470588235294118,0.0588235294117647,0.5294117647058824,0.3529411764705882
1013,0.2653061224489796,0.4081632653061224,0.4693877551020408,0.3469387755102041,0.2653061224489796,0.2653061224489796
1081,0.0,0.0,1.0,0.0,0.5,0.5
1005,0.1785714285714285,0.0,1.0,0.2857142857142857,0.3571428571428571,0.3571428571428571
1196,0.2631578947368421,0.0,0.7368421052631579,0.2368421052631578,0.3157894736842105,0.2368421052631578
1165,0.6875,0.0,0.375,0.25,0.375,0.375
1016,0.2142857142857142,0.0,1.0,0.0,0.7142857142857143,0.2857142857142857
1195,0.3229166666666667,0.5416666666666667,0.2916666666666667,0.3541666666666667,0.3541666666666667,0.2916666666666667
1041,0.22,0.0,0.36,0.4,0.28,0.32
1028,0.2727272727272727,0.0,0.3636363636363636,0.0,0.4545454545454545,0.5454545454545454
1159,0.3125,0.0,1.0,0.25,0.5,0.25
1042,0.0,0.0,1.0,0.0,0.0,1.0
1057,0.4302325581395348,0.3953488372093023,0.3023255813953488,0.3720930232558139,0.2558139534883721,0.3720930232558139
1111,0.25,0.0,0.6388888888888888,0.2777777777777778,0.25,0.2222222222222222
1131,0.2333333333333333,0.0,0.4,0.0666666666666666,0.5333333333333333,0.4
1058,0.3181818181818182,0.1818181818181817,0.5757575757575758,0.3333333333333333,0.2727272727272727,0.3939393939393939
1144,0.2962962962962963,0.0,0.7407407407407407,0.2222222222222222,0.3703703703703703,0.2592592592592592
1167,0.2307692307692307,0.0,0.4615384615384615,0.0769230769230769,0.2307692307692307,0.6153846153846154
1169,0.1764705882352941,0.0,1.0,0.0,0.4117647058823529,0.3529411764705882
1047,0.0,0.0,1.0,0.0,0.5,0.5
1165,0.4642857142857143,0.2142857142857143,0.3928571428571428,0.3571428571428571,0.5,0.1428571428571428
1152,0.1666666666666666,0.0,0.5,0.1666666666666666,0.3333333333333333,0.5
1080,0.275,0.0,0.3,0.1,0.4,0.2
1146,0.0,0.0,1.0,0.0,0.0,1.0
1058,0.2142857142857142,0.0,1.0,0.0,0.7142857142857143,0.2857142857142857
1051,0.2222222222222222,0.0,1.0,0.0,0.4444444444444444,0.4444444444444444
1161,0.2361111111111111,0.0,0.7222222222222222,0.0555555555555555,0.3055555555555556,0.3611111111111111
1163,0.3125,0.0,0.25,0.125,0.625,0.25
1164,0.52,0.0799999999999999,0.76,0.44,0.32,0.24
1173,0.1428571428571428,0.0,1.0,0.2857142857142857,0.4285714285714285,0.2857142857142857
1137,0.3125,0.0,0.125,0.0,0.875,0.125
1034,0.5238095238095238,0.0476190476190476,0.8571428571428571,0.1904761904761904,0.4285714285714285,0.3809523809523809
1193,0.2272727272727272,0.3454545454545454,0.3818181818181818,0.0909090909090909,0.1818181818181818,0.3636363636363636
1107,0.6875,0.0,0.5,0.25,0.375,0.375
1022,0.2368421052631578,0.0,0.3684210526315789,0.0526315789473684,0.4210526315789473,0.5263157894736842
1011,0.2321428571428571,0.0,0.4642857142857143,0.1428571428571428,0.5,0.3571428571428571
1090,0.35,0.0,0.6,0.2,0.4,0.3
1198,0.1428571428571428,0.0,1.0,0.0,0.4285714285714285,0.5714285714285714
1188,0.2916666666666667,0.0,0.5,0.375,0.25,0.3333333333333333
1073,0.4736842105263157,0.0,0.6842105263157895,0.1578947368421052,0.631578947368421,0.2105263157894736
1180,0.28125,0.0,0.5625,0.125,0.125,0.4375
1149,0.4473684210526316,0.0,0.7894736842105263,0.4210526315789473,0.4736842105263157,0.1052631578947368
1095,0.0,0.0,1.0,0.0,0.0,1.0
1063,0.25,0.0,1.0,0.25,0.4166666666666667,0.3333333333333333
1028,0.4565217391304347,0.0,0.6521739130434783,0.391304347826087,0.3043478260869565,0.3043478260869565
1076,0.3076923076923077,0.0,0.3846153846153846,0.3846153846153846,0.3846153846153846,0.2307692307692307
1144,0.25,0.0,0.8214285714285714,0.3214285714285714,0.25,0.25
1191,0.2884615384615384,0.0,0.6923076923076923,0.2692307692307692,0.3461538461538461,0.3461538461538461
1186,0.2666666666666666,0.0,0.8333333333333334,0.1666666666666666,0.3666666666666666,0.2333333333333333
1158,0.3333333333333333,0.0,1.0,0.0,0.6666666666666666,0.3333333333333333
1094,0.2560975609756097,0.1707317073170732,0.6097560975609756,0.3414634146341463,0.3902439024390244,0.1463414634146341
1198,0.0,0.0,1.0,0.0,0.0,1.0
1107,0.391304347826087,0.0,0.6086956521739131,0.1304347826086956,0.4347826086956521,0.3478260869565217
1122,0.3472222222222222,0.1944444444444444,0.6666666666666666,0.3888888888888889,0.3611111111111111,0.2222222222222222
1196,0.24,0.0,0.36,0.32,0.28,0.36
1190,0.2631578947368421,0.0,0.8947368421052632,0.5263157894736842,0.2631578947368421,0.131578947368421
1104,0.2195121951219512,0.0,0.6585365853658537,0.2926829268292683,0.2195121951219512,0.3170731707317073
1130,0.2833333333333333,0.0,0.5666666666666667,0.2,0.3666666666666666,0.2666666666666666
1181,0.2857142857142857,0.0,0.7142857142857143,0.3714285714285714,0.1714285714285714,0.2285714285714285
1186,0.2083333333333333,0.0,0.5,0.1666666666666666,0.5833333333333334,0.25
1041,0.0,0.0,1.0,0.0,0.0,1.0
1029,0.3166666666666666,0.0,0.8666666666666667,0.1333333333333333,0.2666666666666666,0.4333333333333333
1091,0.0,0.0,1.0,0.0,0.0,1.0
1080,0.2058823529411764,0.0,0.3529411764705882,0.1764705882352941,0.3529411764705882,0.4705882352941176
1194,0.34375,0.28125,0.375,0.40625,0.28125,0.25
1143,0.2272727272727272,0.0,0.1818181818181818,0.0,0.2727272727272727,0.1818181818181818
1011,0.2352941176470588,0.3137254901960784,0.392156862745098,0.2745098039215686,0.392156862745098,0.2745098039215686
1099,0.2741935483870967,0.0,0.5806451612903226,0.1290322580645161,0.3225806451612903,0.1935483870967742
1143,0.21875,0.0,0.5,0.25,0.15625,0.4375
1133,0.2666666666666666,0.0,0.5666666666666667,0.2,0.4666666666666667,0.2666666666666666
1024,0.2049180327868852,0.3934426229508196,0.4262295081967213,0.1147540983606557,0.2622950819672131,0.1639344262295081
1195,0.3043478260869565,0.0,0.5652173913043478,0.217391304347826,0.391304347826087,0.391304347826087
1145,0.40625,0.0,0.6875,0.5,0.25,0.25
1102,0.0,0.0,1.0,0.5,0.0,0.5
1166,0.1666666666666666,0.0,1.0,0.0,0.5833333333333334,0.4166666666666667
1074,0.2352941176470588,0.0,0.4705882352941176,0.0,0.2352941176470588,0.4705882352941176
1101,0.1666666666666666,0.0,1.0,0.0,0.0,1.0
1104,0.275,0.0,0.55,0.35,0.2,0.45
1117,0.3636363636363636,0.0,0.7727272727272727,0.2727272727272727,0.5,0.2272727272727272
1095,0.2045454545454545,0.0,0.4090909090909091,0.4545454545454545,0.1818181818181818,0.3636363636363636
1152,0.2368421052631578,0.0,0.4736842105263157,0.1052631578947368,0.2105263157894736,0.631578947368421
1146,0.25,0.0,0.6818181818181818,0.1363636363636363,0.3636363636363636,0.1818181818181818
1151,0.2714285714285714,0.0,0.6,0.0571428571428571,0.4,0.3142857142857143
1131,0.2241379310344827,0.0,0.5862068965517241,0.2068965517241379,0.4137931034482758,0.3448275862068966
1155,0.2837837837837837,0.1081081081081081,0.5405405405405406,0.4054054054054054,0.2972972972972973,0.2702702702702703
1161,0.25,0.0,0.5714285714285714,0.3571428571428571,0.1428571428571428,0.5
1034,0.3,0.0,0.6,0.1,0.4,0.5
1114,0.2045454545454545,0.0,0.75,0.25,0.2272727272727272,0.3181818181818182
1161,0.2,0.0,1.0,0.7,0.0,0.3
1158,0.3378378378378378,0.3513513513513513,0.5405405405405406,0.2972972972972973,0.2702702702702703,0.4324324324324324
1104,0.3333333333333333,0.0,0.7222222222222222,0.1666666666666666,0.3888888888888889,0.2777777777777778
1013,0.1388888888888889,0.0,1.0,0.2777777777777778,0.0555555555555555,0.4444444444444444
1012,0.4,0.1999999999999999,0.5666666666666667,0.4333333333333333,0.2333333333333333,0.3
1137,0.25,0.0,0.5714285714285714,0.1785714285714285,0.3928571428571428,0.4285714285714285
1019,0.1428571428571428,0.0,1.0,0.4285714285714285,0.2857142857142857,0.2857142857142857
1087,0.2,0.0,0.8,0.1,0.4,0.2
1166,0.2647058823529412,0.0,0.3529411764705882,0.2941176470588235,0.2352941176470588,0.4705882352941176
1150,0.3571428571428571,0.0,0.2857142857142857,0.1428571428571428,0.1428571428571428,0.7142857142857143
1133,0.1690140845070422,0.2253521126760563,0.6901408450704225,0.1126760563380281,0.1830985915492957,0.1690140845070422
1038,0.2727272727272727,0.3409090909090909,0.5681818181818182,0.0909090909090909,0.2954545454545454,0.25
1191,0.3636363636363636,0.0,0.6363636363636364,0.3636363636363636,0.4545454545454545,0.1363636363636363
1143,0.3125,0.0,0.7083333333333334,0.2916666666666667,0.4166666666666667,0.25
1084,0.2804878048780488,0.1463414634146341,0.6341463414634146,0.2682926829268293,0.4878048780487805,0.2439024390243902
1199,0.1428571428571428,0.0,1.0,0.5,0.1428571428571428,0.3571428571428571
1116,0.2,0.0,0.4,0.3333333333333333,0.2666666666666666,0.4
1188,0.2352941176470588,0.3921568627450981,0.4901960784313725,0.2941176470588235,0.2549019607843137,0.3333333333333333
1011,0.3085106382978723,0.3829787234042553,0.4893617021276595,0.3191489361702128,0.2978723404255319,0.3617021276595745
1126,0.1428571428571428,0.0,0.1428571428571428,0.0,0.3571428571428571,0.4285714285714285
1035,0.3026315789473684,0.2631578947368421,0.4736842105263157,0.1578947368421052,0.2368421052631578,0.3157894736842105
1155,0.2666666666666666,0.0,0.8,0.0666666666666666,0.5333333333333333,0.3333333333333333
1075,0.2692307692307692,0.0,0.2307692307692307,0.0769230769230769,0.4615384615384615,0.3846153846153846
1086,0.25,0.0,1.0,0.5,0.0,0.5
1148,0.3125,0.0,0.5,0.5,0.3125,0.1875
1018,0.2352941176470588,0.0,0.4117647058823529,0.1764705882352941,0.4117647058823529,0.4117647058823529
1161,0.2941176470588235,0.0,0.4705882352941176,0.0588235294117647,0.6470588235294118,0.1764705882352941
1093,0.4166666666666667,0.0,0.5,0.0,0.6666666666666666,0.3333333333333333
1175,0.3787878787878788,0.2121212121212121,0.4242424242424242,0.1818181818181818,0.3333333333333333,0.303030303030303
1018,0.25,0.0,0.125,0.0,0.625,0.25
1149,0.1538461538461538,0.0,1.0,0.2307692307692307,0.3846153846153846,0.3846153846153846
1049,0.0689655172413793,0.0,0.2068965517241379,0.3103448275862069,0.5172413793103449,0.1724137931034483
1099,0.1,0.0,1.0,0.2,0.0,0.8
1111,0.5227272727272727,0.0454545454545454,0.6363636363636364,0.2272727272727272,0.2727272727272727,0.3636363636363636
1002,0.2946428571428571,0.4107142857142857,0.3571428571428571,0.3928571428571428,0.25,0.3035714285714285
1133,0.0,0.0,1.0,0.0,0.0,1.0
1167,0.2352941176470588,0.0,0.4117647058823529,0.2941176470588235,0.4705882352941176,0.2352941176470588
1000,0.3382352941176471,0.0588235294117647,0.7352941176470589,0.3235294117647059,0.4705882352941176,0.2058823529411764
1024,0.2,0.0,1.0,0.2,0.6,0.2
1196,0.293103448275862,0.3103448275862068,0.3793103448275862,0.4482758620689655,0.2241379310344827,0.3103448275862069
1158,0.3076923076923077,0.4615384615384615,0.4615384615384615,0.3846153846153846,0.1346153846153846,0.3461538461538461
1172,0.3285714285714285,0.3142857142857143,0.5714285714285714,0.2571428571428571,0.5142857142857142,0.2285714285714285
1062,0.3333333333333333,0.0,1.0,0.0,0.6666666666666666,0.3333333333333333
1092,0.0357142857142857,0.0,1.0,0.2142857142857142,0.3571428571428571,0.4285714285714285
1144,0.2222222222222222,0.0,0.5555555555555556,0.1666666666666666,0.2777777777777778,0.4444444444444444
1158,0.238095238095238,0.0,0.5238095238095238,0.4285714285714285,0.3333333333333333,0.1904761904761904
1139,0.25,0.5833333333333333,0.25,0.25,0.15,0.3
1128,0.3,0.0,0.5,0.2,0.35,0.45
1040,0.2037037037037037,0.0,0.8148148148148148,0.4074074074074074,0.2222222222222222,0.3333333333333333
1081,0.2631578947368421,0.0,0.5263157894736842,0.3684210526315789,0.1578947368421052,0.4736842105263157
1139,0.3181818181818182,0.0303030303030302,0.8484848484848485,0.2727272727272727,0.3333333333333333,0.303030303030303
1132,0.1333333333333333,0.0,1.0,0.0666666666666666,0.4,0.5333333333333333
1190,0.1971830985915492,0.6056338028169015,0.2816901408450704,0.3380281690140845,0.1267605633802817,0.1830985915492957
1092,0.2916666666666667,0.0,0.6388888888888888,0.3333333333333333,0.2222222222222222,0.3055555555555556
1196,0.2727272727272727,0.2121212121212121,0.6363636363636364,0.1818181818181818,0.3333333333333333,0.2424242424242424
1034,0.1,0.0,1.0,0.0,0.6,0.4
1170,0.3571428571428571,0.0,1.0,0.0,0.1428571428571428,0.7142857142857143
1186,0.3611111111111111,0.0,0.6666666666666666,0.2777777777777778,0.4444444444444444,0.2777777777777778
1108,0.2878787878787879,0.0,0.8181818181818182,0.2121212121212121,0.3636363636363636,0.3636363636363636
1196,0.2763157894736842,0.2105263157894736,0.5526315789473685,0.2894736842105263,0.3947368421052631,0.2894736842105263
1123,0.25,0.0,0.125,0.125,0.125,0.75
1113,0.2941176470588235,0.0,0.5882352941176471,0.0588235294117647,0.4117647058823529,0.4117647058823529
1119,0.2377049180327868,0.5737704918032787,0.2459016393442623,0.0163934426229508,0.3770491803278688,0.2459016393442623
1191,0.2272727272727272,0.3272727272727272,0.4909090909090909,0.1636363636363636,0.1272727272727272,0.2909090909090909
1171,0.5714285714285714,0.0,0.2857142857142857,0.0,0.5714285714285714,0.4285714285714285
1047,0.2439024390243902,0.0,0.6341463414634146,0.2926829268292683,0.3414634146341463,0.3414634146341463
1159,0.0,0.0,1.0,0.0,1.0,0.0
1089,0.22,0.0,0.56,0.2,0.4,0.32
1191,0.1666666666666666,0.0,0.2666666666666666,0.4,0.4,0.1333333333333333
1174,0.3518518518518518,0.0,0.7037037037037037,0.3703703703703703,0.3703703703703703,0.2592592592592592
1101,0.21875,0.2083333333333333,0.5833333333333334,0.3541666666666667,0.3125,0.2291666666666666
1170,0.2564102564102564,0.0,0.717948717948718,0.1538461538461538,0.282051282051282,0.3076923076923077
1116,0.2,0.0,0.4,0.3333333333333333,0.2666666666666666,0.4
1155,0.1428571428571428,0.0,1.0,0.0,0.4285714285714285,0.5714285714285714
1129,0.4117647058823529,0.0,0.3529411764705882,0.2941176470588235,0.4117647058823529,0.2941176470588235
1187,0.2954545454545454,0.0,0.5454545454545454,0.3181818181818182,0.4090909090909091,0.2272727272727272
1117,0.25,0.0,0.8,0.2333333333333333,0.4,0.3666666666666666
1044,0.1901408450704225,0.4225352112676056,0.4788732394366197,0.1408450704225352,0.3380281690140845,0.2676056338028169
1196,0.375,0.0,0.5625,0.375,0.3125,0.3125
1180,0.4375,0.0,0.25,0.125,0.5,0.375
1144,0.2941176470588235,0.2058823529411765,0.5294117647058824,0.3529411764705882,0.3235294117647059,0.2941176470588235
1056,0.4259259259259259,0.1111111111111111,0.6296296296296297,0.2962962962962963,0.3703703703703703,0.3333333333333333
1194,0.32,0.0,0.6,0.2,0.48,0.2
1148,0.2307692307692307,0.4615384615384615,0.4230769230769231,0.1346153846153846,0.173076923076923,0.3653846153846153
1179,0.36,0.0,0.48,0.32,0.48,0.2
1191,0.2068965517241379,0.4655172413793104,0.4655172413793103,0.1896551724137931,0.1551724137931034,0.1379310344827586
1172,0.3157894736842105,0.0,0.8421052631578947,0.2105263157894736,0.2631578947368421,0.4210526315789473
1092,0.28125,0.0,0.5625,0.0625,0.375,0.3125
1117,0.3181818181818182,0.0,0.7272727272727273,0.2727272727272727,0.1818181818181818,0.5454545454545454
1143,0.25,0.0,1.0,0.2,0.4,0.4
1095,0.1505376344086021,0.5161290322580645,0.3333333333333333,0.5376344086021505,0.1397849462365591,0.1075268817204301
1112,0.0,0.0,1.0,0.0,0.0,1.0
1156,0.2857142857142857,0.0,0.6857142857142857,0.2857142857142857,0.2857142857142857,0.3428571428571428
1164,0.4285714285714285,0.3714285714285714,0.3428571428571428,0.4571428571428571,0.3714285714285714,0.1714285714285714
1111,0.25,0.0,1.0,0.25,0.25,0.25
1159,0.27,0.36,0.54,0.38,0.26,0.28
1149,0.3863636363636363,0.0,0.8181818181818182,0.1818181818181818,0.3636363636363636,0.4545454545454545
1104,0.0714285714285714,0.0,1.0,0.0,0.2857142857142857,0.7142857142857143
1112,0.2361111111111111,0.0,0.7777777777777778,0.2777777777777778,0.3333333333333333,0.2222222222222222
1157,0.0,0.0,1.0,0.25,0.0,0.75
1124,0.4827586206896552,0.1034482758620689,0.7586206896551724,0.3103448275862069,0.3448275862068966,0.3448275862068966
1158,0.1428571428571428,0.0,1.0,0.0,0.5714285714285714,0.4285714285714285
1106,0.4166666666666667,0.0,0.6666666666666666,0.1666666666666666,0.4166666666666667,0.4166666666666667
1073,0.0625,0.0,1.0,0.0,0.0,1.0
1163,0.2241379310344827,0.0,0.7586206896551724,0.3103448275862069,0.2758620689655172,0.3103448275862069
1074,0.1666666666666666,0.0,0.7407407407407407,0.037037037037037,0.5925925925925926,0.3703703703703703
1161,0.1666666666666666,0.0,1.0,0.0,0.0,1.0
1152,0.4210526315789473,0.0,0.3157894736842105,0.2105263157894736,0.3157894736842105,0.4210526315789473
1196,0.1379310344827586,0.0,0.4827586206896552,0.2068965517241379,0.3103448275862069,0.4482758620689655
1191,0.2592592592592592,0.0,0.7037037037037037,0.1851851851851851,0.4444444444444444,0.3703703703703703
1139,0.2439024390243902,0.2195121951219512,0.6097560975609756,0.3414634146341463,0.1707317073170731,0.2682926829268293
1156,0.2333333333333333,0.0,0.4666666666666667,0.3333333333333333,0.3666666666666666,0.2666666666666666
1138,0.1875,0.0,1.0,0.0,0.625,0.125
1149,0.2222222222222222,0.0,1.0,0.1111111111111111,0.2222222222222222,0.6666666666666666
1160,0.425,0.0,0.55,0.15,0.45,0.4
1198,0.375,0.28125,0.5,0.3125,0.46875,0.21875
1184,0.6,0.0,0.5333333333333333,0.0666666666666666,0.6,0.3333333333333333
1162,0.125,0.0,1.0,0.0,0.25,0.25
1114,0.3703703703703703,0.037037037037037,0.5925925925925926,0.2592592592592592,0.3703703703703703,0.3333333333333333
1190,0.3035714285714285,0.0,0.4642857142857143,0.2142857142857142,0.25,0.3928571428571428
1172,0.2551020408163265,0.3061224489795918,0.5714285714285714,0.2040816326530612,0.2244897959183673,0.1632653061224489
1190,0.2352941176470588,0.0,0.6470588235294118,0.1764705882352941,0.2941176470588235,0.4705882352941176
1125,0.25,0.0,0.8,0.3333333333333333,0.1666666666666666,0.2666666666666666
1071,0.125,0.0,1.0,0.0,0.0,1.0
1141,0.3225806451612903,0.032258064516129,0.8387096774193549,0.3548387096774194,0.4193548387096774,0.1612903225806451
1131,0.2837837837837837,0.0,0.8648648648648649,0.1891891891891892,0.3243243243243243,0.3513513513513513
1186,0.2926829268292683,0.3170731707317072,0.5121951219512195,0.3902439024390244,0.3902439024390244,0.2195121951219512
1104,0.0,0.0,1.0,0.0,0.3333333333333333,0.6666666666666666
1172,0.5909090909090909,0.2727272727272727,0.5,0.3636363636363636,0.4090909090909091,0.2272727272727272
1134,0.2580645161290322,0.0,0.7096774193548387,0.3225806451612903,0.2258064516129032,0.3870967741935484
1150,0.2291666666666666,0.0,0.75,0.2083333333333333,0.5416666666666666,0.25
1094,0.25,0.0,0.5384615384615384,0.2692307692307692,0.4230769230769231,0.1923076923076923
1126,0.3023255813953488,0.2558139534883721,0.5581395348837209,0.4651162790697674,0.2093023255813953,0.2790697674418604
1193,0.4054054054054054,0.3243243243243243,0.4054054054054054,0.4864864864864865,0.2432432432432432,0.2432432432432432
1069,0.2129629629629629,0.2407407407407407,0.5555555555555556,0.1666666666666666,0.1851851851851851,0.2407407407407407
1198,0.2857142857142857,0.0,0.1428571428571428,0.2857142857142857,0.4285714285714285,0.2857142857142857
1180,0.2,0.0,1.0,0.1,0.3,0.5
1124,0.2115384615384615,0.0,0.3846153846153846,0.1153846153846153,0.2307692307692307,0.4615384615384615
1147,0.24,0.0,0.68,0.44,0.2,0.28
1195,0.265625,0.0,0.71875,0.25,0.21875,0.28125
1156,0.3725490196078431,0.5882352941176471,0.3529411764705882,0.4313725490196078,0.4117647058823529,0.1568627450980392
1156,0.2558139534883721,0.3488372093023255,0.5116279069767442,0.2325581395348837,0.3255813953488372,0.2325581395348837
1191,0.2222222222222222,0.5972222222222222,0.3333333333333333,0.2361111111111111,0.3333333333333333,0.2777777777777778
1160,0.4545454545454545,0.0,0.5454545454545454,0.1818181818181818,0.7272727272727273,0.0909090909090909
1015,0.1969696969696969,0.5757575757575757,0.3333333333333333,0.2121212121212121,0.1818181818181818,0.1363636363636363
1160,0.2297297297297297,0.0,0.3783783783783784,0.2702702702702703,0.1891891891891892,0.2702702702702703
1061,0.3863636363636363,0.0,0.8181818181818182,0.2272727272727272,0.3181818181818182,0.3636363636363636
1088,0.3529411764705882,0.0,0.4705882352941176,0.1764705882352941,0.3529411764705882,0.4705882352941176
1191,0.2222222222222222,0.0,0.4814814814814814,0.1851851851851851,0.4444444444444444,0.3703703703703703
1040,0.2682926829268293,0.097560975609756,0.7317073170731707,0.3170731707317073,0.1951219512195122,0.2926829268292683
1177,0.1944444444444444,0.0,0.6666666666666666,0.0555555555555555,0.1666666666666666,0.5
1174,0.28125,0.0,0.5625,0.1875,0.3125,0.4375
1023,0.3142857142857143,0.0571428571428571,0.7714285714285715,0.3428571428571428,0.3142857142857143,0.2857142857142857
1173,0.2403846153846154,0.1346153846153845,0.7692307692307693,0.1346153846153846,0.2115384615384615,0.2884615384615384
1015,0.2653061224489796,0.5102040816326531,0.3061224489795918,0.3061224489795918,0.1632653061224489,0.3469387755102041
1128,0.15,0.0,1.0,0.2,0.5,0.3
1059,0.4285714285714285,0.0,1.0,0.4285714285714285,0.2857142857142857,0.1428571428571428
1098,0.234375,0.578125,0.3125,0.328125,0.265625,0.21875
1016,0.2142857142857142,0.0,0.7142857142857143,0.4285714285714285,0.2857142857142857,0.238095238095238
1068,0.175,0.0,0.25,0.15,0.35,0.5
1048,0.1796875,0.34375,0.5,0.03125,0.421875,0.296875
1053,0.3333333333333333,0.0,0.5416666666666666,0.25,0.3333333333333333,0.375
1150,0.0,0.0,1.0,0.0,0.0,1.0
1174,0.28,0.0,0.76,0.12,0.4,0.36
1048,0.2222222222222222,0.0,0.1111111111111111,0.2222222222222222,0.3333333333333333,0.4444444444444444
1045,0.3846153846153846,0.0,0.4615384615384615,0.1538461538461538,0.2307692307692307,0.5384615384615384
1173,0.2333333333333333,0.0,1.0,0.2666666666666666,0.2666666666666666,0.1333333333333333
1027,0.2142857142857142,0.0,1.0,0.0,0.5714285714285714,0.4285714285714285
1163,0.2272727272727272,0.0,0.0909090909090909,0.1818181818181818,0.5454545454545454,0.2727272727272727
1128,0.4166666666666667,0.4761904761904761,0.3333333333333333,0.4761904761904761,0.2142857142857142,0.3095238095238095
1025,0.3333333333333333,0.0,1.0,0.0,1.0,0.0
1178,0.2222222222222222,0.0,0.2222222222222222,0.0,0.5555555555555556,0.4444444444444444
1172,0.2105263157894736,0.0,0.4736842105263157,0.1578947368421052,0.2631578947368421,0.5263157894736842
1199,0.3541666666666667,0.0,0.625,0.125,0.4583333333333333,0.2916666666666667
1054,0.34375,0.0,0.5625,0.3125,0.375,0.3125
1011,0.5,0.1379310344827586,0.4482758620689655,0.2758620689655172,0.4827586206896552,0.2413793103448276
1163,0.15625,0.0,1.0,0.0625,0.375,0.5625
1006,0.1111111111111111,0.0,0.2222222222222222,0.2777777777777778,0.2777777777777778,0.4444444444444444
1042,0.0909090909090909,0.0,1.0,0.0,0.6363636363636364,0.2727272727272727
1106,0.2222222222222222,0.0,0.5555555555555556,0.2777777777777778,0.4444444444444444,0.2777777777777778
1151,0.4545454545454545,0.0454545454545454,0.7727272727272727,0.1363636363636363,0.5454545454545454,0.2727272727272727
1074,0.3095238095238095,0.0,0.6190476190476191,0.3333333333333333,0.2857142857142857,0.238095238095238
1162,0.3214285714285714,0.0,0.6071428571428571,0.3571428571428571,0.2857142857142857,0.1785714285714285
1183,0.2857142857142857,0.3469387755102041,0.5918367346938775,0.4081632653061224,0.1632653061224489,0.3469387755102041
1158,0.275,0.0,0.35,0.2,0.35,0.45
1166,0.3333333333333333,0.0,0.25,0.0833333333333333,0.25,0.5833333333333334
1009,0.3703703703703703,0.037037037037037,0.4814814814814814,0.2222222222222222,0.2962962962962963,0.4444444444444444
1171,0.1666666666666666,0.0,1.0,0.0,0.3333333333333333,0.5833333333333334
1110,0.2580645161290322,0.0,0.4838709677419355,0.2258064516129032,0.3870967741935484,0.3225806451612903
1150,0.325,0.0,0.5,0.15,0.25,0.25
1099,0.2407407407407407,0.0,0.6666666666666666,0.2222222222222222,0.3703703703703703,0.3703703703703703
1023,0.3148148148148148,0.0,0.6666666666666666,0.1851851851851851,0.4074074074074074,0.2962962962962963
1197,0.1956521739130435,0.0,0.6956521739130435,0.3478260869565217,0.1304347826086956,0.3043478260869565
1175,0.2631578947368421,0.0,0.5263157894736842,0.1052631578947368,0.6842105263157895,0.2105263157894736
1172,0.5138888888888888,0.3888888888888888,0.3888888888888889,0.3611111111111111,0.4166666666666667,0.2222222222222222
1129,0.3035714285714285,0.0,0.7142857142857143,0.2142857142857142,0.3571428571428571,0.3928571428571428
1148,0.3,0.0,0.6,0.0,0.3,0.5
1109,0.2105263157894736,0.0,0.3157894736842105,0.3684210526315789,0.3684210526315789,0.2631578947368421
1067,0.1875,0.0,0.71875,0.3125,0.28125,0.25
1004,0.2156862745098039,0.4313725490196078,0.4313725490196078,0.2352941176470588,0.1176470588235294,0.1764705882352941
1172,0.2692307692307692,0.0,0.1538461538461538,0.2307692307692307,0.4615384615384615,0.3076923076923077
1183,0.3148148148148148,0.0,0.4074074074074074,0.1111111111111111,0.3333333333333333,0.2962962962962963
1099,0.2159090909090909,0.0,0.4545454545454545,0.3181818181818182,0.2954545454545454,0.3409090909090909
1127,0.2142857142857142,0.0,0.1428571428571428,0.0714285714285714,0.3571428571428571,0.5714285714285714
1149,0.2222222222222222,0.0,1.0,0.1111111111111111,0.2222222222222222,0.4444444444444444
1002,0.3035714285714285,0.4464285714285714,0.4464285714285714,0.3035714285714285,0.25,0.2321428571428571
1169,0.25,0.0,0.4615384615384615,0.2307692307692307,0.3076923076923077,0.3076923076923077
1117,0.3148148148148148,0.0,0.6666666666666666,0.1851851851851851,0.2962962962962963,0.3703703703703703
1076,0.3369565217391304,0.3043478260869565,0.6304347826086957,0.1304347826086956,0.4130434782608695,0.2608695652173913
1173,0.1,0.0,0.56,0.28,0.36,0.36
1161,0.125,0.0,1.0,0.5,0.0,0.5
1140,0.1982758620689655,0.0517241379310344,0.7586206896551724,0.3793103448275862,0.2586206896551724,0.1896551724137931
1170,0.25,0.2380952380952381,0.5,0.2619047619047619,0.4761904761904761,0.2142857142857142
1077,0.3947368421052631,0.0,0.5263157894736842,0.2631578947368421,0.3684210526315789,0.3684210526315789
1176,0.3888888888888889,0.0,0.5555555555555556,0.3333333333333333,0.3333333333333333,0.3333333333333333
1133,0.125,0.0,1.0,0.0833333333333333,0.6666666666666666,0.25
1187,0.1,0.0,1.0,0.0,0.4,0.4
1183,0.3125,0.0,0.25,0.0,0.25,0.75
1157,0.3076923076923077,0.0,0.7692307692307693,0.1153846153846153,0.5384615384615384,0.3076923076923077
1195,0.375,0.0,1.0,0.5,0.25,0.25
1182,0.2586206896551724,0.5,0.293103448275862,0.2413793103448276,0.1724137931034483,0.293103448275862
1145,0.2962962962962963,0.0,0.6666666666666666,0.3333333333333333,0.3333333333333333,0.3333333333333333
1191,0.3809523809523809,0.0,0.5714285714285714,0.2857142857142857,0.3809523809523809,0.3333333333333333
1198,0.2142857142857142,0.0,1.0,0.0,0.4285714285714285,0.5714285714285714
1185,0.1756756756756756,0.3783783783783784,0.5135135135135135,0.3918918918918919,0.1216216216216216,0.2297297297297297
1185,0.3846153846153846,0.0384615384615384,0.7307692307692307,0.3846153846153846,0.3076923076923077,0.3076923076923077
1171,0.2,0.0,0.625,0.3,0.4,0.275
1148,0.3846153846153846,0.0,0.5384615384615384,0.0,0.6153846153846154,0.3846153846153846
1148,0.4516129032258064,0.3225806451612903,0.4193548387096774,0.3548387096774194,0.2903225806451613,0.2903225806451613
1182,0.3518518518518518,0.0,0.6296296296296297,0.3333333333333333,0.3703703703703703,0.2592592592592592
1193,0.2727272727272727,0.0,0.0909090909090909,0.4545454545454545,0.1818181818181818,0.3636363636363636
1091,0.0,0.0,1.0,0.0,0.0,1.0
1194,0.0833333333333333,0.0,1.0,0.3333333333333333,0.3333333333333333,0.3333333333333333
1168,0.34,0.0,0.92,0.28,0.4,0.32
1142,0.2142857142857142,0.0,1.0,0.0,0.7142857142857143,0.2857142857142857
1191,0.2142857142857142,0.0,1.0,0.0,0.2857142857142857,0.7142857142857143
1170,0.2875,0.2249999999999999,0.6,0.375,0.325,0.275
1173,0.25,0.0,1.0,0.0,0.1666666666666666,0.8333333333333334
1141,0.2941176470588235,0.0,0.5294117647058824,0.0588235294117647,0.5294117647058824,0.3529411764705882
1133,0.27,0.18,0.72,0.34,0.26,0.14
1027,0.3333333333333333,0.0,0.6111111111111112,0.2777777777777778,0.2777777777777778,0.4444444444444444
1100,0.293103448275862,0.0,0.5517241379310345,0.4137931034482758,0.3103448275862069,0.1379310344827586
1049,0.2282608695652173,0.2826086956521739,0.4565217391304347,0.5,0.217391304347826,0.2391304347826087
1168,0.3333333333333333,0.0,0.3809523809523809,0.2857142857142857,0.3809523809523809,0.3333333333333333
1141,0.2826086956521739,0.0,0.7391304347826086,0.1304347826086956,0.5217391304347826,0.217391304347826
1103,0.3269230769230769,0.0,0.5769230769230769,0.3461538461538461,0.3846153846153846,0.2692307692307692
1004,0.2833333333333333,0.0,0.7666666666666667,0.1666666666666666,0.2,0.4
1044,0.2903225806451613,0.0,0.7096774193548387,0.1935483870967742,0.4838709677419355,0.2903225806451613
1044,0.1569767441860465,0.5,0.4069767441860465,0.1162790697674418,0.1511627906976744,0.2209302325581395
1121,0.0,0.0,1.0,0.0,1.0,0.0
1058,0.2884615384615384,0.0,0.6153846153846154,0.2307692307692307,0.3846153846153846,0.2307692307692307
1156,0.1891891891891892,0.0,0.6486486486486487,0.1351351351351351,0.2972972972972973,0.3243243243243243
1157,0.0,0.0,1.0,0.25,0.0,0.75
1152,0.3076923076923077,0.0,0.3846153846153846,0.4615384615384615,0.2307692307692307,0.3076923076923077
1179,0.1973684210526315,0.0,0.6052631578947368,0.2105263157894736,0.2105263157894736,0.3684210526315789
1168,0.5,0.0,0.6666666666666666,0.3333333333333333,0.2222222222222222,0.4444444444444444
1185,0.2121212121212121,0.0,0.5454545454545454,0.1515151515151515,0.3333333333333333,0.3939393939393939
1180,0.3157894736842105,0.0,0.6842105263157895,0.2631578947368421,0.4210526315789473,0.2631578947368421
1153,0.3636363636363636,0.0,0.4545454545454545,0.0909090909090909,0.1818181818181818,0.6363636363636364
1140,0.2916666666666667,0.0,0.8333333333333334,0.1666666666666666,0.4583333333333333,0.375
1147,0.2,0.0,0.1333333333333333,0.0,0.4,0.5333333333333333
1038,0.3703703703703703,0.0,0.7037037037037037,0.1481481481481481,0.5925925925925926,0.2222222222222222
1145,0.1428571428571428,0.0,1.0,0.2142857142857142,0.1428571428571428,0.5714285714285714
1068,0.2142857142857142,0.0,0.1428571428571428,0.4285714285714285,0.0714285714285714,0.5
1009,0.3809523809523809,0.0,0.6190476190476191,0.0952380952380952,0.4285714285714285,0.4761904761904761
1171,0.2833333333333333,0.0,0.6,0.2666666666666666,0.3,0.3
1177,0.3888888888888889,0.0,0.7222222222222222,0.0555555555555555,0.5,0.3333333333333333
1178,0.375,0.0,1.0,0.5,0.25,0.25
1076,0.0833333333333333,0.0,1.0,0.0,0.5,0.5
1144,0.5416666666666666,0.4166666666666666,0.3333333333333333,0.5277777777777778,0.2777777777777778,0.1666666666666666
1184,0.3225806451612903,0.032258064516129,0.6129032258064516,0.3548387096774194,0.3225806451612903,0.2903225806451613
1067,0.5,0.0,0.3076923076923077,0.2307692307692307,0.5384615384615384,0.2307692307692307
1141,0.15625,0.0,0.1875,0.1875,0.375,0.375
1016,0.0,0.0,1.0,0.0,1.0,0.0
1161,0.0,0.0,1.0,0.0,0.0,1.0
1189,0.3181818181818182,0.0,0.5454545454545454,0.0,0.4545454545454545,0.3636363636363636
1171,0.2941176470588235,0.0,0.5294117647058824,0.1764705882352941,0.5294117647058824,0.2941176470588235
1080,0.0,0.0,1.0,0.0,0.0,1.0
1178,0.0714285714285714,0.0,1.0,0.0,0.8571428571428571,0.1428571428571428
1148,0.4516129032258064,0.0967741935483871,0.3870967741935484,0.2258064516129032,0.4193548387096774,0.3548387096774194
1186,0.2368421052631578,0.0,0.5263157894736842,0.0526315789473684,0.4736842105263157,0.4736842105263157
1158,0.2179487179487179,0.0,0.717948717948718,0.5897435897435898,0.2307692307692307,0.1282051282051282
1149,0.44,0.04,0.6,0.24,0.52,0.24
1047,0.1774193548387097,0.0,0.6774193548387096,0.2580645161290322,0.4838709677419355,0.2580645161290322
1068,0.3064516129032258,0.0,0.7741935483870968,0.2903225806451613,0.2903225806451613,0.3548387096774194
1024,0.2857142857142857,0.0,1.0,0.5714285714285714,0.1428571428571428,0.2857142857142857
1198,0.1666666666666666,0.0,0.5,0.0833333333333333,0.6666666666666666,0.1666666666666666
1128,0.2153846153846154,0.5538461538461539,0.2461538461538461,0.0769230769230769,0.1384615384615384,0.2307692307692307
1171,0.5789473684210527,0.0,0.7368421052631579,0.3684210526315789,0.4210526315789473,0.2105263157894736
1018,0.2352941176470588,0.0,0.4117647058823529,0.1764705882352941,0.4117647058823529,0.4117647058823529
1050,0.3636363636363636,0.0,0.2727272727272727,0.0909090909090909,0.3636363636363636,0.5454545454545454
1039,0.2619047619047619,0.0,1.0,0.1904761904761904,0.1904761904761904,0.1904761904761904
1099,0.2916666666666667,0.0,0.3333333333333333,0.0,0.4166666666666667,0.5833333333333334
1171,0.1923076923076923,0.0,0.1538461538461538,0.0769230769230769,0.5384615384615384,0.3846153846153846
1147,0.25,0.0,0.6428571428571429,0.2142857142857142,0.2857142857142857,0.5
1079,0.3421052631578947,0.0,0.7894736842105263,0.3157894736842105,0.3157894736842105,0.3684210526315789
1064,0.3625,0.475,0.425,0.15,0.4,0.3
1078,0.2857142857142857,0.2285714285714285,0.5142857142857142,0.3142857142857143,0.4,0.2857142857142857
1128,0.3541666666666667,0.0,0.875,0.0,0.3333333333333333,0.3333333333333333
1093,0.2291666666666666,0.0,0.5,0.2916666666666667,0.375,0.3333333333333333
1018,0.3409090909090909,0.0,0.8181818181818182,0.2727272727272727,0.2272727272727272,0.2727272727272727
1121,0.0,0.0,1.0,0.0,0.0,1.0
1197,0.1521739130434782,0.0,0.6956521739130435,0.0434782608695652,0.391304347826087,0.5217391304347826
1022,0.3529411764705882,0.0,0.7058823529411765,0.0588235294117647,0.5882352941176471,0.2941176470588235
1017,0.2,0.0,1.0,0.0,0.8,0.2
1098,0.5,0.0,0.7368421052631579,0.2105263157894736,0.2105263157894736,0.5789473684210527
