Player,Captures,Endgame,Middlegame,Major Pieces,Minor Pieces,Pawn
1373,0.2045454545454545,0.0,0.6363636363636364,0.1363636363636363,0.4090909090909091,0.4545454545454545
1334,0.25,0.0,0.7727272727272727,0.2727272727272727,0.4090909090909091,0.3181818181818182
1353,0.2327586206896551,0.3793103448275862,0.5,0.3103448275862069,0.1034482758620689,0.3275862068965517
1351,0.2647058823529412,0.0,0.4705882352941176,0.0,0.4117647058823529,0.2941176470588235
1293,0.3461538461538461,0.1923076923076923,0.5,0.2307692307692307,0.3076923076923077,0.4230769230769231
1369,0.2954545454545454,0.3863636363636363,0.5,0.1818181818181818,0.3409090909090909,0.2727272727272727
1349,0.2727272727272727,0.0,0.6666666666666666,0.4545454545454545,0.3636363636363636,0.1515151515151515
1234,0.265625,0.0,0.90625,0.125,0.46875,0.25
1202,0.25,0.0,0.4375,0.25,0.25,0.4375
1234,0.2980769230769231,0.3653846153846154,0.4230769230769231,0.4038461538461538,0.25,0.1923076923076923
1251,0.6,0.0,0.2,0.6,0.2,0.2
1282,0.2368421052631578,0.4912280701754385,0.3859649122807017,0.2456140350877192,0.175438596491228,0.175438596491228
1356,0.3275862068965517,0.0,0.7241379310344828,0.2068965517241379,0.3793103448275862,0.3793103448275862
1245,0.3235294117647059,0.0,0.5294117647058824,0.0588235294117647,0.5294117647058824,0.4117647058823529
1367,0.4642857142857143,0.0,0.6428571428571429,0.1428571428571428,0.5714285714285714,0.2857142857142857
1299,0.32,0.0,0.72,0.36,0.24,0.28
1362,0.2666666666666666,0.0,0.8,0.3666666666666666,0.2,0.3333333333333333
1228,0.0,0.0,1.0,0.3333333333333333,0.3333333333333333,0.3333333333333333
1302,0.2692307692307692,0.0,0.8076923076923077,0.0384615384615384,0.5769230769230769,0.3461538461538461
1212,0.25,0.5833333333333333,0.2666666666666666,0.1333333333333333,0.4,0.3
1280,0.19375,0.55,0.2625,0.5,0.1875,0.2375
1353,0.3333333333333333,0.0,1.0,0.0,0.6666666666666666,0.3333333333333333
1248,0.4571428571428571,0.4285714285714286,0.4857142857142857,0.5428571428571428,0.2285714285714285,0.2285714285714285
1333,0.3333333333333333,0.1944444444444444,0.5833333333333334,0.3055555555555556,0.25,0.4444444444444444
1278,0.2571428571428571,0.0,0.7428571428571429,0.3714285714285714,0.2285714285714285,0.2
1388,0.3684210526315789,0.368421052631579,0.5526315789473685,0.3684210526315789,0.3684210526315789,0.2631578947368421
1254,0.2,0.0,0.75,0.25,0.35,0.3
1364,0.1777777777777777,0.0,0.7333333333333333,0.3111111111111111,0.1555555555555555,0.2888888888888888
1392,0.21875,0.0,0.71875,0.21875,0.25,0.3125
1213,0.3095238095238095,0.0,0.7619047619047619,0.1428571428571428,0.3333333333333333,0.5238095238095238
1365,0.2622950819672131,0.4918032786885246,0.3114754098360656,0.3278688524590163,0.2131147540983606,0.2950819672131147
1211,0.14,0.6,0.32,0.36,0.14,0.15
1390,0.26,0.0,0.68,0.32,0.24,0.36
1228,0.2164179104477611,0.6567164179104478,0.2238805970149253,0.2238805970149253,0.1194029850746268,0.2388059701492537
1391,0.1538461538461538,0.0,1.0,0.0769230769230769,0.4615384615384615,0.3846153846153846
1391,0.2152777777777778,0.7361111111111112,0.1944444444444444,0.4305555555555556,0.125,0.1666666666666666
1323,0.5,0.0,0.6470588235294118,0.1764705882352941,0.5882352941176471,0.2352941176470588
1288,0.4130434782608695,0.0,0.6956521739130435,0.3043478260869565,0.3478260869565217,0.3043478260869565
1225,0.25,0.0,0.85,0.35,0.225,0.25
1361,0.3043478260869565,0.0,0.6956521739130435,0.217391304347826,0.4782608695652174,0.3043478260869565
1246,0.375,0.5625,0.2708333333333333,0.4375,0.25,0.2916666666666667
1277,0.1666666666666666,0.0,1.0,0.1111111111111111,0.4444444444444444,0.4444444444444444
1302,0.2222222222222222,0.0,1.0,0.0,0.2222222222222222,0.7777777777777778
1211,0.3,0.0,0.68,0.16,0.32,0.4
1255,0.3409090909090909,0.4318181818181817,0.4545454545454545,0.25,0.4318181818181818,0.25
1378,0.3181818181818182,0.0,0.2727272727272727,0.2727272727272727,0.3636363636363636,0.2727272727272727
1351,0.2916666666666667,0.0,0.7083333333333334,0.0833333333333333,0.625,0.2916666666666667
1365,0.55,0.0,0.6,0.4,0.3,0.3
1366,0.2037037037037037,0.0555555555555555,0.6296296296296297,0.4444444444444444,0.1481481481481481,0.1851851851851851
1298,0.2,0.0,0.7333333333333333,0.2,0.4,0.4
1318,0.15625,0.0,1.0,0.0625,0.3125,0.625
1285,0.2857142857142857,0.0,0.4761904761904761,0.0952380952380952,0.4285714285714285,0.4761904761904761
1377,0.38,0.0,0.76,0.32,0.32,0.24
1374,0.3888888888888889,0.25,0.5277777777777778,0.1666666666666666,0.3888888888888889,0.3611111111111111
1370,0.3181818181818182,0.0,0.6363636363636364,0.2272727272727272,0.2727272727272727,0.5
1307,0.25,0.5,0.3846153846153846,0.4615384615384615,0.25,0.2884615384615384
1322,0.3333333333333333,0.0909090909090909,0.5454545454545454,0.2121212121212121,0.3636363636363636,0.4242424242424242
1336,0.3846153846153846,0.0,0.8846153846153846,0.1153846153846153,0.5,0.3846153846153846
1375,0.2285714285714285,0.0,0.7142857142857143,0.2,0.3714285714285714,0.3142857142857143
1393,0.2307692307692307,0.25,0.5,0.2884615384615384,0.3461538461538461,0.3269230769230769
1372,0.2790697674418604,0.1395348837209302,0.5581395348837209,0.1627906976744186,0.3023255813953488,0.3720930232558139
1375,0.2631578947368421,0.3333333333333333,0.5789473684210527,0.4210526315789473,0.2456140350877192,0.2105263157894736
1351,0.2948717948717949,0.3076923076923077,0.358974358974359,0.282051282051282,0.4871794871794871,0.2051282051282051
1269,0.2708333333333333,0.0,0.75,0.375,0.25,0.25
1393,0.2361111111111111,0.0,0.7777777777777778,0.2222222222222222,0.2777777777777778,0.3888888888888889
1227,0.28125,0.0,0.5625,0.40625,0.34375,0.15625
1323,0.3076923076923077,0.0,0.6153846153846154,0.1538461538461538,0.4230769230769231,0.2307692307692307
1342,0.29,0.38,0.46,0.34,0.28,0.32
1270,0.2833333333333333,0.0,0.7333333333333333,0.1333333333333333,0.3,0.3333333333333333
1261,0.3255813953488372,0.3488372093023255,0.5116279069767442,0.2325581395348837,0.4186046511627907,0.1627906976744186
1257,0.2777777777777778,0.0,0.6111111111111112,0.0555555555555555,0.6666666666666666,0.2777777777777778
1293,0.2558139534883721,0.0,0.6976744186046512,0.4418604651162791,0.2093023255813953,0.2558139534883721
1272,0.2058823529411764,0.0,0.2352941176470588,0.0588235294117647,0.5294117647058824,0.2352941176470588
1276,0.3461538461538461,0.0,0.4615384615384615,0.0,0.4615384615384615,0.5384615384615384
1373,0.3703703703703703,0.074074074074074,0.6296296296296297,0.1111111111111111,0.5185185185185185,0.3703703703703703
1331,0.25,0.0,0.7,0.2333333333333333,0.3,0.2333333333333333
1334,0.25,0.0,0.4444444444444444,0.3333333333333333,0.3888888888888889,0.2777777777777778
1306,0.35,0.1999999999999999,0.4666666666666667,0.3333333333333333,0.2333333333333333,0.3666666666666666
1201,0.288135593220339,0.5423728813559322,0.2711864406779661,0.3728813559322034,0.3220338983050847,0.288135593220339
1293,0.2826086956521739,0.0,0.782608695652174,0.391304347826087,0.3043478260869565,0.3043478260869565
1213,0.4166666666666667,0.0,0.1666666666666666,0.1666666666666666,0.3333333333333333,0.5
1344,0.2875,0.1999999999999999,0.55,0.225,0.225,0.325
1351,0.1666666666666666,0.0,1.0,0.0,0.3333333333333333,0.6666666666666666
1391,0.125,0.0,1.0,0.0,0.125,0.625
1355,0.2678571428571428,0.0,0.5357142857142857,0.3571428571428571,0.3928571428571428,0.2142857142857142
1389,0.1,0.0,1.0,0.2,0.3,0.5
1217,0.24,0.0,0.64,0.2,0.48,0.28
1369,0.25,0.0,0.2,0.0,0.7,0.3
1227,0.1973684210526315,0.0,0.6052631578947368,0.4473684210526316,0.1842105263157894,0.3157894736842105
1353,0.3333333333333333,0.0,0.7407407407407407,0.2962962962962963,0.3703703703703703,0.3333333333333333
1387,0.25,0.0,0.25,0.125,0.625,0.25
1341,0.2105263157894736,0.0,0.3157894736842105,0.2105263157894736,0.2631578947368421,0.4736842105263157
1249,0.2222222222222222,0.0,0.7222222222222222,0.1111111111111111,0.4444444444444444,0.4444444444444444
1260,0.2777777777777778,0.0,0.6666666666666666,0.4814814814814814,0.2962962962962963,0.2222222222222222
1354,0.2049180327868852,0.5901639344262295,0.2786885245901639,0.1967213114754098,0.0983606557377049,0.2950819672131147
1305,0.275,0.0,0.65,0.7,0.1,0.1
1325,0.1842105263157894,0.0,0.2105263157894736,0.1578947368421052,0.4736842105263157,0.3684210526315789
1334,0.5,0.1739130434782608,0.5652173913043478,0.4347826086956521,0.217391304347826,0.3478260869565217
1274,0.2307692307692307,0.0,0.5384615384615384,0.1538461538461538,0.4615384615384615,0.3846153846153846
1260,0.2121212121212121,0.0,0.7272727272727273,0.4545454545454545,0.2727272727272727,0.2727272727272727
1372,0.2727272727272727,0.4545454545454546,0.4363636363636363,0.2727272727272727,0.2727272727272727,0.3090909090909091
1296,0.3,0.0,0.72,0.08,0.4,0.4
1397,0.4444444444444444,0.1851851851851852,0.3333333333333333,0.1851851851851851,0.4444444444444444,0.3703703703703703
1333,0.21875,0.1666666666666666,0.5625,0.2916666666666667,0.3125,0.375
1252,0.2394366197183098,0.5352112676056338,0.3943661971830985,0.3380281690140845,0.380281690140845,0.1830985915492957
1362,0.2142857142857142,0.0,0.7142857142857143,0.1428571428571428,0.3809523809523809,0.3809523809523809
1374,0.3571428571428571,0.0,0.2857142857142857,0.0,0.4285714285714285,0.5714285714285714
1296,0.3333333333333333,0.0,0.1111111111111111,0.0,0.3333333333333333,0.6666666666666666
1216,0.225,0.0,0.875,0.225,0.225,0.3
1276,0.2258064516129032,0.6451612903225806,0.2258064516129032,0.2419354838709677,0.2419354838709677,0.2580645161290322
1226,0.25,0.0,0.25,0.1666666666666666,0.5,0.3333333333333333
1293,0.3888888888888889,0.3111111111111111,0.4222222222222222,0.2444444444444444,0.3111111111111111,0.3555555555555555
1319,0.2857142857142857,0.0,0.5714285714285714,0.0,0.6428571428571429,0.3571428571428571
1341,0.1418918918918918,0.5540540540540541,0.2702702702702703,0.3108108108108108,0.1756756756756756,0.2297297297297297
1337,0.45,0.0,0.5,0.4,0.2,0.4
1259,0.3035714285714285,0.0,0.6785714285714286,0.2142857142857142,0.25,0.25
1381,0.21875,0.0,0.5625,0.0625,0.4375,0.5
1246,0.3571428571428571,0.0,0.5,0.1428571428571428,0.5714285714285714,0.2857142857142857
1370,0.4545454545454545,0.0,0.7727272727272727,0.2727272727272727,0.3636363636363636,0.3636363636363636
1399,0.4285714285714285,0.0,0.6190476190476191,0.238095238095238,0.4285714285714285,0.3333333333333333
1309,0.2407407407407407,0.2777777777777778,0.5555555555555556,0.2962962962962963,0.1481481481481481,0.2037037037037037
1327,0.2179487179487179,0.0,0.4615384615384615,0.4102564102564102,0.282051282051282,0.2564102564102564
1254,0.2727272727272727,0.0,0.7727272727272727,0.1363636363636363,0.4545454545454545,0.2727272727272727
1321,0.3085106382978723,0.4680851063829787,0.4042553191489361,0.2127659574468085,0.2340425531914893,0.3191489361702128
1377,0.2954545454545454,0.2954545454545454,0.5454545454545454,0.0909090909090909,0.4772727272727273,0.4090909090909091
1326,0.3088235294117647,0.1470588235294118,0.7058823529411765,0.2352941176470588,0.2352941176470588,0.3235294117647059
1219,0.2272727272727272,0.0,0.7272727272727273,0.1212121212121212,0.2424242424242424,0.4848484848484848
1260,0.1666666666666666,0.0,0.0666666666666666,0.0,0.5333333333333333,0.4666666666666667
1266,0.2058823529411764,0.0,0.2352941176470588,0.1764705882352941,0.4705882352941176,0.3529411764705882
1373,0.2857142857142857,0.0,0.2142857142857142,0.1428571428571428,0.5714285714285714,0.2857142857142857
1305,0.2432432432432432,0.0,0.7837837837837838,0.1891891891891892,0.2432432432432432,0.3513513513513513
1309,0.1805555555555555,0.4305555555555556,0.4722222222222222,0.1944444444444444,0.2361111111111111,0.1527777777777778
1201,0.32,0.0,0.4,0.16,0.28,0.52
1264,0.0,0.0,1.0,0.0,0.0,1.0
1280,0.3939393939393939,0.2121212121212121,0.6666666666666666,0.4545454545454545,0.1515151515151515,0.3333333333333333
1340,0.2678571428571428,0.0,0.7857142857142857,0.2857142857142857,0.3214285714285714,0.3928571428571428
1309,0.25,0.4259259259259259,0.3888888888888889,0.0925925925925925,0.2222222222222222,0.2962962962962963
1299,0.3125,0.0,0.625,0.25,0.2916666666666667,0.3333333333333333
1380,0.21875,0.0,0.7083333333333334,0.2916666666666667,0.25,0.3958333333333333
1304,0.25,0.0,0.7,0.2,0.35,0.4
1221,0.3,0.0,0.8,0.2,0.32,0.4
1389,0.25,0.0,0.5454545454545454,0.2727272727272727,0.3636363636363636,0.3636363636363636
1306,0.28125,0.0,0.375,0.125,0.5625,0.3125
1275,0.1538461538461538,0.4769230769230769,0.4461538461538462,0.2307692307692307,0.1384615384615384,0.2307692307692307
1397,0.3142857142857143,0.2285714285714285,0.4571428571428571,0.1714285714285714,0.2857142857142857,0.3142857142857143
1321,0.2888888888888888,0.4666666666666667,0.2666666666666666,0.2666666666666666,0.2666666666666666,0.2444444444444444
1309,0.3478260869565217,0.0,0.6521739130434783,0.2608695652173913,0.2608695652173913,0.1739130434782608
1387,0.1739130434782608,0.0,0.1304347826086956,0.217391304347826,0.391304347826087,0.391304347826087
1305,0.2580645161290322,0.0,0.6774193548387096,0.3225806451612903,0.3548387096774194,0.2903225806451613
1286,0.3142857142857143,0.1142857142857143,0.4571428571428571,0.2571428571428571,0.3142857142857143,0.4
1272,0.175,0.0,0.4,0.3,0.3,0.4
1299,0.2647058823529412,0.0,0.7058823529411765,0.1764705882352941,0.3529411764705882,0.3529411764705882
1363,0.25,0.0,0.6538461538461539,0.2692307692307692,0.2692307692307692,0.2692307692307692
1257,0.4444444444444444,0.3888888888888888,0.4444444444444444,0.1111111111111111,0.4166666666666667,0.25
1389,0.3235294117647059,0.0,0.7647058823529411,0.4705882352941176,0.1764705882352941,0.3529411764705882
1349,0.2131147540983606,0.4098360655737705,0.4590163934426229,0.2786885245901639,0.1475409836065573,0.1967213114754098
1313,0.2307692307692307,0.0,0.7435897435897436,0.358974358974359,0.3076923076923077,0.2564102564102564
1368,0.2894736842105263,0.131578947368421,0.7631578947368421,0.5263157894736842,0.2105263157894736,0.2368421052631578
1364,0.2727272727272727,0.0,0.4545454545454545,0.1818181818181818,0.4545454545454545,0.2727272727272727
1380,0.2948717948717949,0.1282051282051282,0.5641025641025641,0.3076923076923077,0.3333333333333333,0.3076923076923077
1255,0.34375,0.46875,0.34375,0.125,0.3125,0.4375
1392,0.2916666666666667,0.0,0.4166666666666667,0.25,0.375,0.375
1368,0.1666666666666666,0.0,0.3333333333333333,0.0,0.4166666666666667,0.5833333333333334
1227,0.2857142857142857,0.0,0.2857142857142857,0.0,0.2857142857142857,0.7142857142857143
1346,0.5454545454545454,0.0454545454545454,0.6818181818181818,0.2272727272727272,0.5909090909090909,0.1818181818181818
1357,0.3,0.0,0.6666666666666666,0.1333333333333333,0.5333333333333333,0.3
1383,0.2456140350877192,0.543859649122807,0.2982456140350877,0.3157894736842105,0.175438596491228,0.2105263157894736
1337,0.265625,0.0,0.8125,0.28125,0.40625,0.3125
1397,0.2916666666666667,0.0,0.8333333333333334,0.2083333333333333,0.2083333333333333,0.4166666666666667
1222,0.3333333333333333,0.0,0.8095238095238095,0.1428571428571428,0.3333333333333333,0.4285714285714285
1306,0.28125,0.0,0.5625,0.25,0.375,0.3125
1379,0.293103448275862,0.0,0.5517241379310345,0.2413793103448276,0.3448275862068966,0.2758620689655172
1361,0.3333333333333333,0.0,0.625,0.1666666666666666,0.5,0.3333333333333333
1294,0.2375,0.025,0.725,0.125,0.325,0.25
1289,0.2549019607843137,0.3725490196078431,0.5098039215686274,0.3137254901960784,0.3137254901960784,0.2156862745098039
1259,0.2,0.0,0.4666666666666667,0.2,0.4,0.4
1340,0.3461538461538461,0.0,0.2307692307692307,0.3076923076923077,0.4615384615384615,0.1538461538461538
1239,0.1923076923076923,0.0,0.7307692307692307,0.2692307692307692,0.4038461538461538,0.1923076923076923
1375,0.4705882352941176,0.0,0.7058823529411765,0.4117647058823529,0.2941176470588235,0.2941176470588235
1380,0.217391304347826,0.0,0.7391304347826086,0.0869565217391304,0.4347826086956521,0.3478260869565217
1390,0.32,0.0,0.84,0.4,0.12,0.2
1337,0.2954545454545454,0.0,0.5909090909090909,0.4090909090909091,0.4090909090909091,0.1818181818181818
1295,0.3653846153846153,0.0,0.6923076923076923,0.4230769230769231,0.3076923076923077,0.2692307692307692
1259,0.2625,0.55,0.325,0.225,0.275,0.35
1233,0.3103448275862069,0.0,0.7931034482758621,0.2758620689655172,0.4827586206896552,0.2413793103448276
1347,0.3870967741935484,0.0645161290322581,0.3870967741935484,0.2580645161290322,0.3225806451612903,0.4193548387096774
1389,0.2272727272727272,0.0,0.7272727272727273,0.2424242424242424,0.3333333333333333,0.2424242424242424
1393,0.0,0.0,1.0,0.5,0.0,0.5
1378,0.375,0.0,0.25,0.25,0.375,0.375
1201,0.1818181818181818,0.0,0.8636363636363636,0.2045454545454545,0.5909090909090909,0.1136363636363636
1389,0.25,0.119047619047619,0.4761904761904761,0.3809523809523809,0.1904761904761904,0.3809523809523809
1331,0.2222222222222222,0.0,0.7222222222222222,0.3888888888888889,0.3333333333333333,0.2777777777777778
1234,0.0,0.0,1.0,0.0,0.5,0.5
1325,0.3181818181818182,0.0,0.3636363636363636,0.0909090909090909,0.4545454545454545,0.4545454545454545
1385,0.3611111111111111,0.0,0.7222222222222222,0.1111111111111111,0.5,0.3888888888888889
1221,0.275,0.1999999999999999,0.65,0.25,0.25,0.375
1399,0.1428571428571428,0.0,1.0,0.2857142857142857,0.4285714285714285,0.2857142857142857
1290,0.2619047619047619,0.0,0.4761904761904761,0.1904761904761904,0.3809523809523809,0.2857142857142857
1387,0.2647058823529412,0.0,0.4705882352941176,0.1176470588235294,0.4117647058823529,0.3529411764705882
1273,0.2692307692307692,0.0,0.3076923076923077,0.1538461538461538,0.4615384615384615,0.3076923076923077
1399,0.125,0.0,1.0,0.0,0.375,0.5
1231,0.3191489361702128,0.5319148936170213,0.4042553191489361,0.4893617021276595,0.2553191489361702,0.1702127659574468
1342,0.5,0.0,0.6153846153846154,0.1538461538461538,0.6923076923076923,0.1538461538461538
1289,0.2857142857142857,0.0,0.5,0.2857142857142857,0.5,0.2142857142857142
1284,0.1923076923076923,0.0,0.1538461538461538,0.1538461538461538,0.3076923076923077,0.5384615384615384
1387,0.2111111111111111,0.1111111111111111,0.6222222222222222,0.3111111111111111,0.2666666666666666,0.2222222222222222
1370,0.2058823529411764,0.0,0.6176470588235294,0.3235294117647059,0.4411764705882353,0.2058823529411764
1358,0.2647058823529412,0.0,0.4705882352941176,0.1764705882352941,0.5882352941176471,0.2352941176470588
1374,0.3518518518518518,0.0,0.6666666666666666,0.3703703703703703,0.2962962962962963,0.3333333333333333
1209,0.125,0.0,1.0,0.25,0.5,0.25
1313,0.2571428571428571,0.1999999999999999,0.5714285714285714,0.4285714285714285,0.2857142857142857,0.2857142857142857
1269,0.3157894736842105,0.0,0.7368421052631579,0.2105263157894736,0.3157894736842105,0.4210526315789473
1306,0.2580645161290322,0.3064516129032257,0.4516129032258064,0.4838709677419355,0.2419354838709677,0.2419354838709677
1370,0.2285714285714285,0.3714285714285714,0.4142857142857143,0.3285714285714285,0.1857142857142857,0.2571428571428571
1368,0.3409090909090909,0.0,0.8636363636363636,0.2727272727272727,0.5,0.2272727272727272
1248,0.3571428571428571,0.3809523809523809,0.3809523809523809,0.2857142857142857,0.2857142857142857,0.3095238095238095
1230,0.2916666666666667,0.3541666666666666,0.4375,0.5625,0.1875,0.25
1387,0.25,0.0,0.5588235294117647,0.1470588235294117,0.5,0.3529411764705882
1242,0.282051282051282,0.0769230769230768,0.6923076923076923,0.1538461538461538,0.2307692307692307,0.4102564102564102
1222,0.2903225806451613,0.0,0.7741935483870968,0.2580645161290322,0.3225806451612903,0.3225806451612903
1297,0.2457627118644068,0.4745762711864406,0.4067796610169492,0.3220338983050847,0.4745762711864407,0.1694915254237288
1264,0.2105263157894736,0.0,0.5263157894736842,0.1578947368421052,0.3157894736842105,0.4210526315789473
1257,0.25,0.0277777777777777,0.7222222222222222,0.3888888888888889,0.4444444444444444,0.1666666666666666
1336,0.2708333333333333,0.0,0.4583333333333333,0.1666666666666666,0.5,0.3333333333333333
1240,0.2708333333333333,0.0,0.5833333333333334,0.25,0.3333333333333333,0.4166666666666667
1372,0.3529411764705882,0.0,0.5294117647058824,0.2941176470588235,0.4117647058823529,0.2941176470588235
1339,0.2,0.0,0.2666666666666666,0.4666666666666667,0.1333333333333333,0.4
1319,0.1864406779661017,0.0338983050847457,0.6949152542372882,0.5084745762711864,0.1864406779661017,0.2033898305084746
1244,0.3888888888888889,0.0,0.4444444444444444,0.1111111111111111,0.5555555555555556,0.3333333333333333
1281,0.2777777777777778,0.0,0.1111111111111111,0.0,0.1111111111111111,0.8888888888888888
1313,0.3181818181818182,0.0,0.6818181818181818,0.3181818181818182,0.5,0.1818181818181818
1368,0.0,0.0,1.0,0.0,0.0,1.0
1331,0.2407407407407407,0.0,0.5925925925925926,0.037037037037037,0.3703703703703703,0.4444444444444444
1378,0.4347826086956521,0.0434782608695651,0.6956521739130435,0.2608695652173913,0.3043478260869565,0.2608695652173913
1326,0.2678571428571428,0.0,0.7857142857142857,0.2857142857142857,0.3928571428571428,0.3214285714285714
1344,0.2972972972972973,0.1351351351351351,0.7297297297297297,0.2162162162162162,0.4324324324324324,0.2972972972972973
1392,0.2916666666666667,0.0,0.5,0.0,0.5,0.5
1227,0.3095238095238095,0.0,0.6666666666666666,0.3809523809523809,0.2857142857142857,0.3333333333333333
1298,0.2818181818181818,0.4727272727272728,0.4181818181818181,0.5272727272727272,0.1454545454545454,0.2909090909090909
1383,0.2017543859649122,0.0,0.912280701754386,0.1052631578947368,0.175438596491228,0.3333333333333333
1253,0.293103448275862,0.0,0.6551724137931034,0.4827586206896552,0.3103448275862069,0.2068965517241379
1368,0.2441860465116279,0.1162790697674418,0.6744186046511628,0.4883720930232558,0.2093023255813953,0.1627906976744186
1391,0.175,0.0,0.825,0.425,0.225,0.325
1211,0.3243243243243243,0.2432432432432432,0.4054054054054054,0.2702702702702703,0.3513513513513513,0.2162162162162162
1231,0.1666666666666666,0.0,1.0,0.0,0.5555555555555556,0.4444444444444444
1376,0.2307692307692307,0.0,0.5384615384615384,0.2307692307692307,0.3846153846153846,0.3846153846153846
1359,0.2040816326530612,0.0,0.7755102040816326,0.1632653061224489,0.2653061224489796,0.4081632653061224
1368,0.2017543859649122,0.368421052631579,0.4561403508771929,0.3684210526315789,0.2105263157894736,0.2982456140350877
1291,0.4444444444444444,0.0,0.3333333333333333,0.4444444444444444,0.1111111111111111,0.4444444444444444
1373,0.2142857142857142,0.0,1.0,0.0,0.2857142857142857,0.7142857142857143
1264,0.2222222222222222,0.0,1.0,0.3333333333333333,0.4444444444444444,0.2222222222222222
1241,0.2702702702702703,0.0,0.7027027027027027,0.2432432432432432,0.1891891891891892,0.3513513513513513
1291,0.25,0.0,0.6666666666666666,0.3888888888888889,0.2222222222222222,0.3888888888888889
1218,0.25,0.0,0.375,0.25,0.625,0.125
1276,0.2857142857142857,0.0,0.2857142857142857,0.0,0.2857142857142857,0.7142857142857143
1321,0.1904761904761904,0.0,0.238095238095238,0.1428571428571428,0.2857142857142857,0.5714285714285714
1296,0.4444444444444444,0.0,0.4444444444444444,0.2222222222222222,0.5,0.2777777777777778
1333,0.3243243243243243,0.1891891891891891,0.6486486486486487,0.3243243243243243,0.2702702702702703,0.3513513513513513
1344,0.375,0.0,0.5833333333333334,0.0833333333333333,0.3333333333333333,0.4166666666666667
1396,0.2857142857142857,0.0285714285714285,0.7714285714285715,0.2,0.4571428571428571,0.2285714285714285
1359,0.25,0.1111111111111111,0.7222222222222222,0.2777777777777778,0.25,0.3055555555555556
1352,0.2058823529411764,0.5882352941176471,0.3529411764705882,0.2205882352941176,0.1323529411764706,0.2058823529411764
1331,0.1875,0.0,1.0,0.0,0.5,0.5
1349,0.4130434782608695,0.0,0.6956521739130435,0.217391304347826,0.4347826086956521,0.3478260869565217
1284,0.3125,0.2708333333333333,0.4375,0.3541666666666667,0.25,0.2916666666666667
1351,0.0,0.0,1.0,0.0,1.0,0.0
1372,0.2790697674418604,0.1395348837209302,0.5581395348837209,0.1627906976744186,0.3023255813953488,0.3720930232558139
1307,0.2888888888888888,0.2888888888888888,0.5555555555555556,0.1111111111111111,0.2,0.3555555555555555
1286,0.4285714285714285,0.0,0.1428571428571428,0.0,0.5714285714285714,0.4285714285714285
1313,0.3214285714285714,0.0,0.3571428571428571,0.2142857142857142,0.2857142857142857,0.3571428571428571
1270,0.3461538461538461,0.0769230769230768,0.6538461538461539,0.5769230769230769,0.1923076923076923,0.2307692307692307
1264,0.2543859649122807,0.5263157894736843,0.3333333333333333,0.087719298245614,0.3157894736842105,0.2280701754385964
1336,0.3018867924528302,0.5094339622641509,0.3396226415094339,0.2452830188679245,0.1320754716981132,0.4339622641509434
1250,0.2653061224489796,0.4897959183673469,0.4489795918367347,0.2857142857142857,0.2244897959183673,0.2244897959183673
1292,0.1538461538461538,0.0,0.717948717948718,0.2307692307692307,0.4871794871794871,0.2564102564102564
1347,0.2068965517241379,0.0,0.7586206896551724,0.3448275862068966,0.2758620689655172,0.3793103448275862
1324,0.0,0.0,1.0,0.0,0.0,1.0
1367,0.4444444444444444,0.0,0.5555555555555556,0.1111111111111111,0.3333333333333333,0.4444444444444444
1305,0.3214285714285714,0.0,0.4285714285714285,0.1428571428571428,0.3571428571428571,0.3571428571428571
1380,0.3333333333333333,0.0,0.4444444444444444,0.0,0.3333333333333333,0.6666666666666666
1382,0.2,0.0,0.5,0.2,0.25,0.55
1372,0.1858974358974359,0.6794871794871795,0.2307692307692307,0.3205128205128205,0.141025641025641,0.282051282051282
1297,0.15,0.0,1.0,0.4,0.1,0.5
1313,0.2045454545454545,0.3636363636363636,0.4242424242424242,0.2575757575757575,0.1818181818181818,0.2424242424242424
1215,0.2419354838709677,0.0,0.6129032258064516,0.2580645161290322,0.2903225806451613,0.3870967741935484
1335,0.3333333333333333,0.0,0.6111111111111112,0.2222222222222222,0.3333333333333333,0.3888888888888889
1279,0.3522727272727273,0.3863636363636363,0.4318181818181818,0.0909090909090909,0.5454545454545454,0.2727272727272727
1293,0.4,0.475,0.35,0.025,0.4,0.375
1322,0.2692307692307692,0.0,0.7307692307692307,0.1923076923076923,0.4615384615384615,0.2307692307692307
1329,0.2450980392156862,0.3529411764705882,0.4901960784313725,0.3137254901960784,0.3137254901960784,0.2156862745098039
1309,0.5,0.0,0.1666666666666666,0.0,0.1666666666666666,0.8333333333333334
1259,0.2777777777777778,0.0,0.5555555555555556,0.2222222222222222,0.5,0.2222222222222222
1211,0.2333333333333333,0.0,0.1333333333333333,0.0,0.5333333333333333,0.4666666666666667
1330,0.3452380952380952,0.4047619047619047,0.3809523809523809,0.3809523809523809,0.3095238095238095,0.3095238095238095
1242,0.375,0.5416666666666667,0.3125,0.4583333333333333,0.2916666666666667,0.1666666666666666
1283,0.2338709677419354,0.6451612903225806,0.2741935483870967,0.2258064516129032,0.1451612903225806,0.1290322580645161
1253,0.3170731707317073,0.3414634146341463,0.3658536585365853,0.2439024390243902,0.3658536585365853,0.3658536585365853
1268,0.2638888888888889,0.1111111111111111,0.6111111111111112,0.3333333333333333,0.3055555555555556,0.3333333333333333
1301,0.19375,0.475,0.35,0.5625,0.1375,0.125
1257,0.2826086956521739,0.0,0.6521739130434783,0.2608695652173913,0.4347826086956521,0.3043478260869565
1334,0.3382352941176471,0.3235294117647058,0.3823529411764705,0.3529411764705882,0.3529411764705882,0.2058823529411764
1292,0.3787878787878788,0.1212121212121212,0.6363636363636364,0.2727272727272727,0.3333333333333333,0.2727272727272727
1235,0.25,0.0,0.8076923076923077,0.4615384615384615,0.1538461538461538,0.3461538461538461
1383,0.2678571428571428,0.5,0.3571428571428571,0.3571428571428571,0.2142857142857142,0.2678571428571428
1212,0.2368421052631578,0.0263157894736841,0.631578947368421,0.2368421052631578,0.4210526315789473,0.3421052631578947
1321,0.2777777777777778,0.0,0.4814814814814814,0.2962962962962963,0.3333333333333333,0.3333333333333333
1344,0.3571428571428571,0.0,0.7142857142857143,0.2142857142857142,0.2857142857142857,0.4285714285714285
1208,0.3333333333333333,0.0,0.7333333333333333,0.1333333333333333,0.5333333333333333,0.3333333333333333
1346,0.2,0.0,0.4,0.0666666666666666,0.2666666666666666,0.6666666666666666
1337,0.2463768115942029,0.536231884057971,0.3188405797101449,0.1594202898550724,0.6521739130434783,0.1594202898550724
1278,0.2435897435897435,0.0512820512820513,0.7948717948717948,0.1282051282051282,0.4358974358974359,0.3846153846153846
1377,0.125,0.0,0.7083333333333334,0.375,0.2916666666666667,0.3333333333333333
1374,0.2678571428571428,0.0,0.6785714285714286,0.25,0.4285714285714285,0.2857142857142857
1371,0.5434782608695652,0.0869565217391304,0.6521739130434783,0.3478260869565217,0.3478260869565217,0.2608695652173913
1324,0.2777777777777778,0.3111111111111111,0.6,0.3333333333333333,0.1777777777777777,0.3111111111111111
1340,0.1565656565656565,0.7777777777777778,0.1717171717171717,0.5353535353535354,0.101010101010101,0.1818181818181818
1293,0.5357142857142857,0.0,0.4285714285714285,0.0714285714285714,0.6428571428571429,0.2857142857142857
1321,0.1111111111111111,0.0,1.0,0.0,0.2222222222222222,0.6666666666666666
1349,0.2659574468085106,0.5106382978723405,0.3191489361702128,0.3617021276595745,0.1702127659574468,0.4042553191489361
1240,0.0,0.0,1.0,0.0,0.0,1.0
1275,0.2608695652173913,0.0,0.8260869565217391,0.4347826086956521,0.217391304347826,0.2608695652173913
1270,0.3888888888888889,0.0,0.3333333333333333,0.0,0.4444444444444444,0.5555555555555556
1293,0.34375,0.0,0.5625,0.0,0.5,0.5
1327,0.4605263157894737,0.4473684210526315,0.3421052631578947,0.2368421052631578,0.5789473684210527,0.1842105263157894
1243,0.3695652173913043,0.0,0.782608695652174,0.3478260869565217,0.3043478260869565,0.3478260869565217
1313,0.35,0.0,0.3,0.2,0.4,0.3
1398,0.375,0.0,0.25,0.0833333333333333,0.5833333333333334,0.3333333333333333
1381,0.265625,0.421875,0.390625,0.328125,0.3125,0.265625
1217,0.2763157894736842,0.131578947368421,0.5526315789473685,0.3684210526315789,0.1578947368421052,0.4210526315789473
1276,0.21875,0.125,0.6666666666666666,0.3333333333333333,0.3125,0.1458333333333333
1394,0.2872340425531915,0.3404255319148936,0.425531914893617,0.1914893617021276,0.4468085106382978,0.2978723404255319
1206,0.1481481481481481,0.0,0.4444444444444444,0.1111111111111111,0.5555555555555556,0.2962962962962963
1372,0.3695652173913043,0.0,0.5652173913043478,0.3043478260869565,0.2608695652173913,0.4347826086956521
1382,0.0,0.0,1.0,0.1111111111111111,0.6666666666666666,0.2222222222222222
1248,0.3181818181818182,0.0,0.5,0.1363636363636363,0.4090909090909091,0.3636363636363636
1377,0.26,0.0,0.24,0.36,0.44,0.2
1365,0.217391304347826,0.0,0.5217391304347826,0.217391304347826,0.391304347826087,0.391304347826087
1260,0.3023255813953488,0.3953488372093023,0.3720930232558139,0.2790697674418604,0.2093023255813953,0.2558139534883721
1298,0.3070175438596491,0.5789473684210527,0.2982456140350877,0.4912280701754385,0.2456140350877192,0.2456140350877192
1236,0.4583333333333333,0.25,0.4166666666666667,0.3333333333333333,0.3333333333333333,0.3333333333333333
1315,0.2424242424242424,0.0,0.6666666666666666,0.1818181818181818,0.4848484848484848,0.303030303030303
1392,0.3333333333333333,0.1111111111111111,0.75,0.5277777777777778,0.1944444444444444,0.1944444444444444
1291,0.238095238095238,0.2619047619047618,0.5952380952380952,0.3571428571428571,0.4285714285714285,0.1666666666666666
1361,0.5,0.0,0.1666666666666666,0.0,0.8333333333333334,0.1666666666666666
1304,0.0,0.0,1.0,0.1111111111111111,0.5555555555555556,0.3333333333333333
1352,0.25,0.0,0.7777777777777778,0.3333333333333333,0.4444444444444444,0.2222222222222222
1361,0.4166666666666667,0.0,0.25,0.3333333333333333,0.4166666666666667,0.25
1351,0.25,0.0,0.625,0.25,0.25,0.40625
1336,0.3472222222222222,0.1944444444444444,0.5555555555555556,0.3888888888888889,0.3333333333333333,0.2777777777777778
1371,0.5,0.0,0.4615384615384615,0.2307692307692307,0.3846153846153846,0.3846153846153846
1300,0.3333333333333333,0.3611111111111111,0.5,0.5555555555555556,0.2777777777777778,0.1666666666666666
1259,0.0833333333333333,0.0,1.0,0.1666666666666666,0.5,0.3333333333333333
1380,0.3076923076923077,0.0,0.6538461538461539,0.0769230769230769,0.6153846153846154,0.2307692307692307
1348,0.2698412698412698,0.6507936507936508,0.2063492063492063,0.2063492063492063,0.2539682539682539,0.4603174603174603
1257,0.3666666666666666,0.0,0.6666666666666666,0.2,0.2666666666666666,0.5333333333333333
1268,0.34375,0.0,0.5625,0.0,0.6875,0.3125
1333,0.3387096774193548,0.0,0.7741935483870968,0.1935483870967742,0.4193548387096774,0.2258064516129032
1378,0.4,0.4666666666666667,0.3555555555555555,0.1777777777777777,0.2666666666666666,0.3333333333333333
1372,0.25,0.0,0.55,0.05,0.55,0.3
1334,0.2,0.0,0.3,0.1,0.4,0.5
1381,0.2682926829268293,0.1219512195121951,0.5365853658536586,0.2682926829268293,0.4634146341463415,0.2682926829268293
1383,0.4473684210526316,0.0,0.6842105263157895,0.2105263157894736,0.4736842105263157,0.3157894736842105
1317,0.1818181818181818,0.0,0.1818181818181818,0.3636363636363636,0.1818181818181818,0.4545454545454545
1391,0.2096774193548387,0.0,0.7096774193548387,0.2903225806451613,0.2903225806451613,0.2580645161290322
1280,0.2105263157894736,0.0,0.2631578947368421,0.1052631578947368,0.4210526315789473,0.3157894736842105
1254,0.3333333333333333,0.0,1.0,0.0,0.6666666666666666,0.3333333333333333
1364,0.16875,0.25,0.5125,0.25,0.35,0.2125
1395,0.2758620689655172,0.0,0.7586206896551724,0.4137931034482758,0.2758620689655172,0.3103448275862069
1257,0.2666666666666666,0.0,0.8666666666666667,0.2666666666666666,0.2666666666666666,0.3666666666666666
1244,0.2441860465116279,0.0,0.7906976744186046,0.1395348837209302,0.1860465116279069,0.3488372093023256
1306,0.3888888888888889,0.074074074074074,0.4814814814814814,0.2962962962962963,0.3703703703703703,0.3333333333333333
1352,0.2258064516129032,0.0,0.6774193548387096,0.1612903225806451,0.1935483870967742,0.3548387096774194
1260,0.2702702702702703,0.0,0.6756756756756757,0.1081081081081081,0.3513513513513513,0.4864864864864865
1284,0.5441176470588235,0.3235294117647058,0.4411764705882353,0.3823529411764705,0.3235294117647059,0.2941176470588235
1218,0.4166666666666667,0.0,0.5,0.2222222222222222,0.5,0.2777777777777778
1331,0.1666666666666666,0.0,0.25,0.0833333333333333,0.5833333333333334,0.3333333333333333
1367,0.6875,0.0,0.6875,0.25,0.4375,0.3125
1365,0.2333333333333333,0.0,0.4,0.0,0.4666666666666667,0.5333333333333333
1346,0.3333333333333333,0.0,0.4166666666666667,0.1666666666666666,0.4166666666666667,0.4166666666666667
1365,0.125,0.0,1.0,0.0,0.375,0.625
1289,0.3333333333333333,0.0666666666666666,0.7,0.1666666666666666,0.4666666666666667,0.1333333333333333
1238,0.3333333333333333,0.0,0.7407407407407407,0.1851851851851851,0.5555555555555556,0.2592592592592592
1287,0.0,0.0,1.0,0.0,0.0,1.0
1341,0.3571428571428571,0.4761904761904761,0.3809523809523809,0.4285714285714285,0.1904761904761904,0.3571428571428571
1226,0.325,0.0,0.7,0.2,0.55,0.25
1308,0.2884615384615384,0.0,0.5769230769230769,0.5,0.2692307692307692,0.2307692307692307
1355,0.2352941176470588,0.0,0.5294117647058824,0.1176470588235294,0.3529411764705882,0.5294117647058824
1341,0.2346938775510204,0.183673469387755,0.673469387755102,0.3469387755102041,0.2857142857142857,0.2857142857142857
1264,0.25,0.0,1.0,0.0,0.25,0.75
1397,0.2592592592592592,0.4814814814814815,0.4074074074074074,0.3703703703703703,0.2222222222222222,0.1666666666666666
1394,0.5833333333333334,0.0,0.5833333333333334,0.25,0.4166666666666667,0.3333333333333333
1384,0.0,0.0,1.0,0.0,0.0,1.0
1383,0.2857142857142857,0.0,0.8214285714285714,0.4285714285714285,0.25,0.3214285714285714
1381,0.2461538461538461,0.6307692307692307,0.2769230769230769,0.3384615384615385,0.2615384615384615,0.2307692307692307
1295,0.175,0.0,0.55,0.2,0.2,0.5
1337,0.3636363636363636,0.0,0.5454545454545454,0.0909090909090909,0.3636363636363636,0.5454545454545454
1223,0.2708333333333333,0.0,0.625,0.2083333333333333,0.2916666666666667,0.5
1318,0.3333333333333333,0.0,0.6,0.0666666666666666,0.4666666666666667,0.3333333333333333
1369,0.234375,0.0,0.9375,0.34375,0.25,0.375
1285,0.1428571428571428,0.5714285714285714,0.3265306122448979,0.2040816326530612,0.0816326530612244,0.2244897959183673
1344,0.2962962962962963,0.0,0.5925925925925926,0.2962962962962963,0.3333333333333333,0.3333333333333333
1293,0.3,0.0,1.0,0.4,0.4,0.2
1251,0.3461538461538461,0.0,0.6153846153846154,0.3076923076923077,0.3846153846153846,0.3076923076923077
1349,0.4230769230769231,0.0,0.5384615384615384,0.1538461538461538,0.6153846153846154,0.2307692307692307
1264,0.34375,0.0,0.6875,0.25,0.4375,0.3125
1392,0.2049180327868852,0.540983606557377,0.2950819672131147,0.3278688524590163,0.1967213114754098,0.2622950819672131
1300,0.2608695652173913,0.0,0.6086956521739131,0.217391304347826,0.4782608695652174,0.2608695652173913
1265,0.18,0.0,0.68,0.12,0.28,0.36
1370,0.3295454545454545,0.3181818181818182,0.4318181818181818,0.3409090909090909,0.2045454545454545,0.2954545454545454
1240,0.3928571428571428,0.25,0.6071428571428571,0.4285714285714285,0.3571428571428571,0.1071428571428571
1324,0.2708333333333333,0.0,0.5416666666666666,0.2083333333333333,0.2916666666666667,0.3333333333333333
1218,0.3333333333333333,0.0,0.4444444444444444,0.4444444444444444,0.2222222222222222,0.3333333333333333
1317,0.26,0.0,0.76,0.32,0.28,0.4
1298,0.2666666666666666,0.0,0.4,0.2,0.4666666666666667,0.3333333333333333
1316,0.2765957446808511,0.4468085106382978,0.425531914893617,0.1702127659574468,0.1914893617021276,0.3404255319148936
1379,0.2368421052631578,0.0,0.6842105263157895,0.0,0.5789473684210527,0.3157894736842105
1393,0.3235294117647059,0.2058823529411765,0.6176470588235294,0.2352941176470588,0.4117647058823529,0.3529411764705882
1381,0.1666666666666666,0.0,0.4666666666666667,0.2666666666666666,0.3,0.4333333333333333
1371,0.2631578947368421,0.0,0.4210526315789473,0.2631578947368421,0.2105263157894736,0.5263157894736842
1358,0.2413793103448276,0.0,0.7931034482758621,0.2413793103448276,0.2758620689655172,0.3448275862068966
1392,0.3333333333333333,0.0909090909090909,0.6060606060606061,0.2727272727272727,0.4242424242424242,0.2727272727272727
1392,0.2857142857142857,0.0,0.2857142857142857,0.0,0.5714285714285714,0.2857142857142857
1364,0.3,0.0,1.0,0.0,0.8,0.2
1396,0.2682926829268293,0.0,0.8292682926829268,0.2439024390243902,0.1463414634146341,0.2439024390243902
1336,0.4736842105263157,0.0,0.7368421052631579,0.0526315789473684,0.5789473684210527,0.1578947368421052
1356,0.375,0.0,0.6,0.25,0.45,0.3
1298,0.2272727272727272,0.0,0.6363636363636364,0.0454545454545454,0.1818181818181818,0.3181818181818182
1243,0.2653061224489796,0.4489795918367347,0.3673469387755102,0.4693877551020408,0.3265306122448979,0.1224489795918367
1350,0.3225806451612903,0.1935483870967742,0.6129032258064516,0.3870967741935484,0.3548387096774194,0.2580645161290322
1357,0.25,0.0,0.7142857142857143,0.1785714285714285,0.25,0.1428571428571428
1275,0.1538461538461538,0.0,0.6153846153846154,0.2307692307692307,0.3846153846153846,0.3846153846153846
1275,0.225,0.0,0.7,0.225,0.2,0.275
1397,0.36,0.0,0.4,0.08,0.6,0.32
1395,0.2702702702702703,0.081081081081081,0.6756756756756757,0.2162162162162162,0.3783783783783784,0.3783783783783784
1216,0.2884615384615384,0.0,0.7692307692307693,0.3076923076923077,0.2692307692307692,0.3076923076923077
1332,0.2916666666666667,0.0,0.5,0.5,0.0833333333333333,0.4166666666666667
1279,0.2941176470588235,0.0,0.5882352941176471,0.0,0.6470588235294118,0.2352941176470588
1383,0.2857142857142857,0.0,0.75,0.25,0.4285714285714285,0.25
1273,0.303030303030303,0.0303030303030302,0.696969696969697,0.3333333333333333,0.2424242424242424,0.2727272727272727
1213,0.26,0.0,0.68,0.2,0.6,0.08
1234,0.1666666666666666,0.0,1.0,0.0,0.3333333333333333,0.6666666666666666
1372,0.2678571428571428,0.0,0.8214285714285714,0.2142857142857142,0.3928571428571428,0.3571428571428571
1351,0.2368421052631578,0.0,0.4210526315789473,0.1578947368421052,0.4210526315789473,0.3684210526315789
1364,0.2708333333333333,0.0,0.75,0.25,0.5,0.25
1248,0.23,0.3199999999999999,0.48,0.28,0.24,0.32
1336,0.1,0.0,1.0,0.0,0.0,1.0
1296,0.2962962962962963,0.0,0.5925925925925926,0.4074074074074074,0.3333333333333333,0.2592592592592592
1379,0.2272727272727272,0.0,0.75,0.3181818181818182,0.1136363636363636,0.25
1302,0.0,0.0,1.0,0.0,0.5,0.3333333333333333
1386,0.3653846153846153,0.0384615384615384,0.6538461538461539,0.2307692307692307,0.4230769230769231,0.3461538461538461
1380,0.5833333333333334,0.0,0.75,0.1666666666666666,0.4166666666666667,0.4166666666666667
1389,0.24,0.4599999999999999,0.4,0.22,0.24,0.36
1318,0.2166666666666666,0.0,0.5666666666666667,0.2,0.3,0.3666666666666666
1317,0.2058823529411764,0.0,0.7647058823529411,0.2647058823529412,0.2352941176470588,0.1764705882352941
1391,0.4285714285714285,0.0,0.5,0.0714285714285714,0.6428571428571429,0.2857142857142857
1272,0.1666666666666666,0.0,1.0,0.0833333333333333,0.3333333333333333,0.4166666666666667
1307,0.25,0.5,0.3846153846153846,0.4615384615384615,0.25,0.2884615384615384
1326,0.28,0.0,0.72,0.2,0.28,0.36
1327,0.2575757575757575,0.0,0.4848484848484848,0.1515151515151515,0.4242424242424242,0.3939393939393939
1329,0.2444444444444444,0.4222222222222223,0.4666666666666667,0.2666666666666666,0.4,0.2222222222222222
1305,0.1904761904761904,0.1269841269841269,0.7301587301587301,0.2222222222222222,0.2222222222222222,0.2063492063492063
1278,0.2916666666666667,0.0,0.6666666666666666,0.25,0.4166666666666667,0.2083333333333333
1264,0.25,0.1458333333333333,0.6875,0.2291666666666666,0.0833333333333333,0.3125
1258,0.2432432432432432,0.081081081081081,0.7027027027027027,0.3513513513513513,0.2432432432432432,0.4054054054054054
1300,0.3666666666666666,0.0,0.7333333333333333,0.0666666666666666,0.6666666666666666,0.2666666666666666
1365,0.2916666666666667,0.0,0.25,0.3333333333333333,0.4166666666666667,0.25
1334,0.1428571428571428,0.0,0.2142857142857142,0.2142857142857142,0.5,0.2857142857142857
1232,0.2410714285714285,0.5178571428571428,0.3035714285714285,0.125,0.1071428571428571,0.3571428571428571
1309,0.1875,0.0,1.0,0.0,0.0,0.5
1271,0.2222222222222222,0.0,0.1111111111111111,0.3333333333333333,0.3333333333333333,0.3333333333333333
1383,0.3478260869565217,0.0,0.6956521739130435,0.2608695652173913,0.2608695652173913,0.4782608695652174
1330,0.2205882352941176,0.0,0.4705882352941176,0.1764705882352941,0.4705882352941176,0.3529411764705882
1366,0.3125,0.0,0.5,0.125,0.4583333333333333,0.4166666666666667
1204,0.3478260869565217,0.0,0.4347826086956521,0.1739130434782608,0.4782608695652174,0.3478260869565217
1270,0.21875,0.0,0.5,0.1875,0.5,0.3125
1347,0.3478260869565217,0.0,0.7391304347826086,0.217391304347826,0.2608695652173913,0.4782608695652174
1285,0.2,0.0,0.4,0.1333333333333333,0.4666666666666667,0.4
1281,0.2857142857142857,0.0,0.7714285714285715,0.3142857142857143,0.2571428571428571,0.2857142857142857
1372,0.2666666666666666,0.0,0.6,0.1333333333333333,0.5333333333333333,0.3333333333333333
1339,0.525,0.0,0.45,0.1,0.25,0.65
1362,0.2244897959183673,0.183673469387755,0.6122448979591837,0.2244897959183673,0.2244897959183673,0.2653061224489796
1386,0.2575757575757575,0.0,0.8787878787878788,0.1212121212121212,0.3939393939393939,0.303030303030303
1297,0.2,0.0,0.76,0.12,0.48,0.28
1217,0.18,0.0,0.56,0.16,0.24,0.24
1263,0.25,0.0,0.4375,0.0625,0.375,0.4375
1341,0.3636363636363636,0.0,0.5454545454545454,0.3636363636363636,0.3636363636363636,0.2272727272727272
1334,0.2631578947368421,0.0,0.4210526315789473,0.1052631578947368,0.5263157894736842,0.3684210526315789
1399,0.0666666666666666,0.0,1.0,0.1333333333333333,0.4666666666666667,0.4
1233,0.2857142857142857,0.0,0.6785714285714286,0.25,0.3928571428571428,0.3571428571428571
1301,0.2205882352941176,0.0,0.7941176470588235,0.3235294117647059,0.1764705882352941,0.2647058823529412
1291,0.4027777777777778,0.3055555555555556,0.5277777777777778,0.4166666666666667,0.3333333333333333,0.1944444444444444
1387,0.2586206896551724,0.0,0.6896551724137931,0.3448275862068966,0.3103448275862069,0.2758620689655172
1366,0.3333333333333333,0.0,0.6,0.3333333333333333,0.4666666666666667,0.2
1312,0.2727272727272727,0.0,0.7727272727272727,0.1818181818181818,0.4090909090909091,0.3181818181818182
1341,0.3333333333333333,0.0,0.75,0.2916666666666667,0.375,0.25
1303,0.35,0.0,0.7,0.15,0.35,0.45
1392,0.21875,0.0,0.71875,0.21875,0.25,0.3125
1243,0.3214285714285714,0.0,0.7857142857142857,0.2142857142857142,0.5,0.2142857142857142
1369,0.2352941176470588,0.0,0.4117647058823529,0.1176470588235294,0.5294117647058824,0.3529411764705882
1365,0.26,0.0,0.68,0.24,0.24,0.44
1260,0.2619047619047619,0.0,0.2857142857142857,0.0952380952380952,0.4761904761904761,0.3809523809523809
1314,0.2368421052631578,0.0,0.8947368421052632,0.2105263157894736,0.3157894736842105,0.3684210526315789
1273,0.2083333333333333,0.0,0.3333333333333333,0.0833333333333333,0.5,0.4166666666666667
1244,0.3173076923076923,0.6538461538461539,0.25,0.3653846153846153,0.1923076923076923,0.3269230769230769
1390,0.34375,0.0,0.4375,0.0,0.8125,0.1875
1336,0.3513513513513513,0.1351351351351351,0.4324324324324324,0.2432432432432432,0.4324324324324324,0.3243243243243243
1380,0.2222222222222222,0.0,1.0,0.1111111111111111,0.3333333333333333,0.5555555555555556
1331,0.2156862745098039,0.2156862745098039,0.4705882352941176,0.3725490196078431,0.3137254901960784,0.1568627450980392
1386,0.3513513513513513,0.2972972972972972,0.5135135135135135,0.4594594594594595,0.3783783783783784,0.1621621621621621
1205,0.3939393939393939,0.1212121212121212,0.5757575757575758,0.3333333333333333,0.2424242424242424,0.1515151515151515
1337,0.3,0.0,1.0,0.0,0.6,0.4
1390,0.275,0.05,0.775,0.425,0.325,0.2
1339,0.125,0.0,1.0,0.0,0.5,0.5
1235,0.2045454545454545,0.0,0.5,0.0,0.1818181818181818,0.5454545454545454
1342,0.5,0.0,0.4285714285714285,0.2857142857142857,0.4285714285714285,0.2857142857142857
1251,0.4848484848484848,0.3333333333333333,0.4545454545454545,0.2121212121212121,0.3636363636363636,0.3939393939393939
1368,0.2,0.0,0.35,0.25,0.3,0.45
1351,0.2352941176470588,0.0,0.7941176470588235,0.4411764705882353,0.3235294117647059,0.1470588235294117
1319,0.21875,0.0,0.25,0.1875,0.4375,0.375
1263,0.2105263157894736,0.0,0.3157894736842105,0.0,0.5789473684210527,0.4210526315789473
1373,0.1764705882352941,0.0,0.5294117647058824,0.5882352941176471,0.0588235294117647,0.3529411764705882
1264,0.0,0.0,1.0,0.0,0.0,1.0
1224,0.3695652173913043,0.0,0.6086956521739131,0.1739130434782608,0.4347826086956521,0.3478260869565217
1283,0.2352941176470588,0.0,0.7941176470588235,0.1764705882352941,0.4117647058823529,0.2941176470588235
1304,0.0,0.0,1.0,0.1111111111111111,0.5555555555555556,0.3333333333333333
1288,0.2946428571428571,0.5535714285714286,0.2678571428571428,0.3928571428571428,0.2857142857142857,0.3035714285714285
1280,0.0,0.0,1.0,0.0,0.0,1.0
1276,0.3541666666666667,0.0,0.7916666666666666,0.0833333333333333,0.5416666666666666,0.2916666666666667
1283,0.2884615384615384,0.0,0.6153846153846154,0.2692307692307692,0.3461538461538461,0.3076923076923077
1336,0.2222222222222222,0.0,0.3703703703703703,0.2222222222222222,0.3333333333333333,0.4074074074074074
1323,0.3214285714285714,0.0,0.6428571428571429,0.2142857142857142,0.5,0.2857142857142857
1278,0.3333333333333333,0.3846153846153846,0.4358974358974359,0.2051282051282051,0.282051282051282,0.3333333333333333
1224,0.2333333333333333,0.0,0.2666666666666666,0.0,0.4666666666666667,0.5333333333333333
1323,0.3333333333333333,0.0,0.7916666666666666,0.375,0.5,0.125
1398,0.4666666666666667,0.1333333333333333,0.5,0.3333333333333333,0.4,0.2666666666666666
1259,0.2,0.5466666666666666,0.3066666666666666,0.4266666666666667,0.1466666666666666,0.2533333333333333
1257,0.25,0.0,0.1,0.0,0.8,0.2
1293,0.4444444444444444,0.3333333333333333,0.5185185185185185,0.5185185185185185,0.2592592592592592,0.2222222222222222
1319,0.2777777777777778,0.0,0.6944444444444444,0.1666666666666666,0.4166666666666667,0.2777777777777778
1365,0.2264150943396226,0.150943396226415,0.6792452830188679,0.1132075471698113,0.3396226415094339,0.320754716981132
1262,0.2,0.0,0.2,0.2,0.4,0.4
1364,0.6428571428571429,0.0,0.5,0.2857142857142857,0.4285714285714285,0.2857142857142857
1250,0.2567567567567567,0.1891891891891891,0.4594594594594595,0.2432432432432432,0.3783783783783784,0.2972972972972973
1307,0.2222222222222222,0.0,0.7407407407407407,0.1481481481481481,0.2962962962962963,0.2962962962962963
1319,0.1666666666666666,0.0,1.0,0.0952380952380952,0.2857142857142857,0.2857142857142857
1349,0.27,0.54,0.38,0.2,0.14,0.2
1273,0.2826086956521739,0.0,0.4347826086956521,0.391304347826087,0.217391304347826,0.3043478260869565
1323,0.2222222222222222,0.0,0.7037037037037037,0.2222222222222222,0.3703703703703703,0.2592592592592592
1276,0.2916666666666667,0.0,0.3333333333333333,0.1666666666666666,0.3333333333333333,0.5
1330,0.2,0.0,0.2,0.3333333333333333,0.4666666666666667,0.2
1331,0.25,0.0,0.75,0.0,0.5833333333333334,0.4166666666666667
1308,0.225,0.0,0.35,0.25,0.3,0.4
1254,0.2142857142857142,0.0,1.0,0.0,0.4285714285714285,0.5714285714285714
1265,0.2254901960784313,0.2549019607843137,0.5686274509803921,0.3725490196078431,0.3333333333333333,0.2549019607843137
1225,0.3225806451612903,0.032258064516129,0.7096774193548387,0.3548387096774194,0.2903225806451613,0.2903225806451613
1314,0.2209302325581395,0.0930232558139535,0.6511627906976745,0.3255813953488372,0.3720930232558139,0.2325581395348837
1315,0.3260869565217391,0.0,0.6086956521739131,0.217391304347826,0.391304347826087,0.3478260869565217
1338,0.2375,0.0,0.825,0.3,0.225,0.3
1283,0.3611111111111111,0.0,0.6666666666666666,0.2222222222222222,0.5,0.2777777777777778
1286,0.2916666666666667,0.0,0.4166666666666667,0.1666666666666666,0.5,0.3333333333333333
1237,0.2777777777777778,0.0,0.4814814814814814,0.2222222222222222,0.3333333333333333,0.4074074074074074
1342,0.0,0.0,1.0,0.0,0.4,0.6
1387,0.275,0.0,0.9,0.075,0.2,0.275
1348,0.2727272727272727,0.0,0.8181818181818182,0.303030303030303,0.2121212121212121,0.2424242424242424
1394,0.2241379310344827,0.0,0.7931034482758621,0.1724137931034483,0.3103448275862069,0.3793103448275862
1374,0.2222222222222222,0.0,0.7222222222222222,0.1666666666666666,0.3333333333333333,0.2777777777777778
1364,0.25,0.0,0.6428571428571429,0.2142857142857142,0.1428571428571428,0.5714285714285714
1213,0.4,0.0,0.6,0.0,0.5333333333333333,0.2666666666666666
1207,0.2222222222222222,0.0,1.0,0.2222222222222222,0.4444444444444444,0.2222222222222222
1359,0.2391304347826087,0.0,0.6521739130434783,0.217391304347826,0.391304347826087,0.391304347826087
1362,0.3461538461538461,0.0,0.6538461538461539,0.1153846153846153,0.4615384615384615,0.3846153846153846
1324,0.3333333333333333,0.0,0.6666666666666666,0.25,0.4166666666666667,0.3333333333333333
1208,0.2666666666666666,0.0,0.7333333333333333,0.4666666666666667,0.4,0.1333333333333333
1348,0.2142857142857142,0.0,0.4285714285714285,0.0714285714285714,0.3571428571428571,0.4285714285714285
1312,0.3,0.0,0.6,0.32,0.32,0.36
1380,0.2307692307692307,0.0,0.6666666666666666,0.1538461538461538,0.3846153846153846,0.282051282051282
1269,0.1904761904761904,0.0,0.3333333333333333,0.0952380952380952,0.4761904761904761,0.3809523809523809
1356,0.3428571428571428,0.1142857142857143,0.6571428571428571,0.2571428571428571,0.3714285714285714,0.3142857142857143
1384,0.3103448275862069,0.0,0.6896551724137931,0.3793103448275862,0.3448275862068966,0.2758620689655172
1387,0.2142857142857142,0.0,0.2142857142857142,0.0714285714285714,0.5714285714285714,0.3571428571428571
1355,0.2948717948717949,0.1794871794871795,0.6410256410256411,0.358974358974359,0.2564102564102564,0.1794871794871795
1311,0.375,0.0,0.75,0.15,0.45,0.25
1348,0.2575757575757575,0.0,0.8181818181818182,0.4242424242424242,0.2424242424242424,0.2121212121212121
1225,0.2647058823529412,0.3725490196078431,0.2941176470588235,0.3137254901960784,0.2549019607843137,0.2745098039215686
1279,0.3714285714285714,0.3428571428571428,0.5428571428571428,0.2285714285714285,0.4,0.2285714285714285
1273,0.25,0.0,0.7142857142857143,0.0714285714285714,0.3571428571428571,0.4285714285714285
1304,0.0,0.0,1.0,0.0,0.0,1.0
1314,0.3478260869565217,0.0,0.6086956521739131,0.3043478260869565,0.5652173913043478,0.1304347826086956
1382,0.2788461538461538,0.1730769230769231,0.4230769230769231,0.4038461538461538,0.3076923076923077,0.25
1309,0.2093023255813953,0.0,0.6976744186046512,0.4186046511627907,0.2325581395348837,0.2558139534883721
1349,0.45,0.0,0.6,0.0,0.2,0.6
1297,0.2,0.0,0.76,0.12,0.48,0.28
1353,0.35,0.0,0.7,0.25,0.5,0.2
1265,0.1583333333333333,0.0,0.6833333333333333,0.35,0.3166666666666666,0.25
1264,0.3148148148148148,0.0,0.8148148148148148,0.1111111111111111,0.2592592592592592,0.3333333333333333
1334,0.3333333333333333,0.0,0.7222222222222222,0.2222222222222222,0.4444444444444444,0.3333333333333333
1280,0.3833333333333333,0.2666666666666667,0.5666666666666667,0.3,0.3,0.3
1227,0.2592592592592592,0.0,0.6666666666666666,0.3333333333333333,0.3703703703703703,0.2962962962962963
1234,0.1363636363636363,0.0,1.0,0.3636363636363636,0.3636363636363636,0.1818181818181818
1205,0.3478260869565217,0.0,0.5652173913043478,0.1739130434782608,0.5217391304347826,0.3043478260869565
1242,0.0,0.0,1.0,0.0,0.5,0.5
1257,0.35,0.0,0.2,0.0,0.6,0.4
1208,0.3372093023255814,0.4883720930232558,0.4418604651162791,0.2093023255813953,0.4418604651162791,0.2325581395348837
1348,0.2068965517241379,0.0,0.6896551724137931,0.0689655172413793,0.3448275862068966,0.3793103448275862
1271,0.0,0.0,1.0,0.0,0.0,1.0
1265,0.3076923076923077,0.0,0.3846153846153846,0.1538461538461538,0.4615384615384615,0.3846153846153846
1273,0.3409090909090909,0.0,0.6363636363636364,0.2727272727272727,0.3181818181818182,0.4090909090909091
1392,0.0,0.0,1.0,0.0,0.6666666666666666,0.3333333333333333
1382,0.25,0.0,0.85,0.05,0.45,0.4
1201,0.3035714285714285,0.0,0.8214285714285714,0.1071428571428571,0.25,0.4285714285714285
1290,0.3846153846153846,0.0,0.6153846153846154,0.0769230769230769,0.6153846153846154,0.3076923076923077
1363,0.2962962962962963,0.0,0.6296296296296297,0.4074074074074074,0.2222222222222222,0.3703703703703703
1397,0.1785714285714285,0.0,0.8928571428571429,0.3214285714285714,0.25,0.4285714285714285
1348,0.2222222222222222,0.2666666666666667,0.5777777777777777,0.4222222222222222,0.3555555555555555,0.1333333333333333
1251,0.1886792452830188,0.0,0.8301886792452831,0.0943396226415094,0.2075471698113207,0.320754716981132
1290,0.25,0.0,1.0,0.0,0.5,0.5
1352,0.246031746031746,0.5873015873015873,0.3015873015873015,0.1746031746031746,0.2063492063492063,0.2857142857142857
1309,0.2631578947368421,0.4561403508771929,0.4385964912280701,0.4035087719298245,0.2631578947368421,0.2280701754385964
1253,0.2352941176470588,0.0,1.0,0.4117647058823529,0.2352941176470588,0.2941176470588235
1308,0.2884615384615384,0.0,0.5769230769230769,0.5,0.2692307692307692,0.2307692307692307
1385,0.2741935483870967,0.0,0.8387096774193549,0.2903225806451613,0.3870967741935484,0.2903225806451613
1397,0.21875,0.0,0.3125,0.0,0.4375,0.5625
1387,0.25,0.0,0.3,0.3,0.1,0.6
1383,0.4473684210526316,0.0,0.6842105263157895,0.2105263157894736,0.4736842105263157,0.3157894736842105
1320,0.1979166666666666,0.1041666666666666,0.625,0.2916666666666667,0.3541666666666667,0.2291666666666666
1333,0.2291666666666666,0.0,0.3333333333333333,0.125,0.5416666666666666,0.3333333333333333
1389,0.25,0.0,0.375,0.0,0.5,0.5
1331,0.2727272727272727,0.0,0.3636363636363636,0.1818181818181818,0.4545454545454545,0.2727272727272727
1354,0.2352941176470588,0.0,0.7941176470588235,0.4117647058823529,0.2941176470588235,0.2941176470588235
1387,0.5833333333333334,0.0,0.5,0.0,0.6666666666666666,0.3333333333333333
1377,0.3846153846153846,0.4102564102564102,0.4871794871794871,0.2051282051282051,0.4102564102564102,0.3333333333333333
1335,0.40625,0.09375,0.5625,0.15625,0.5,0.3125
1297,0.6,0.1999999999999999,0.6,0.4,0.45,0.15
1346,0.2027027027027027,0.0,0.7297297297297297,0.1081081081081081,0.3513513513513513,0.3513513513513513
1330,0.3333333333333333,0.3333333333333333,0.5,0.1944444444444444,0.2777777777777778,0.4444444444444444
1268,0.2195121951219512,0.0,0.8048780487804879,0.1219512195121951,0.1463414634146341,0.3658536585365853
1255,0.3392857142857143,0.0,0.8928571428571429,0.2857142857142857,0.3928571428571428,0.2142857142857142
1282,0.1428571428571428,0.0,0.4642857142857143,0.3928571428571428,0.25,0.3571428571428571
1295,0.2777777777777778,0.0,0.4444444444444444,0.0,0.4444444444444444,0.3333333333333333
1347,0.2941176470588235,0.0,0.8529411764705882,0.088235294117647,0.5,0.2352941176470588
1395,0.2538461538461538,0.4153846153846153,0.5076923076923077,0.1846153846153846,0.2615384615384615,0.3230769230769231
1257,0.4666666666666667,0.0,0.6666666666666666,0.3333333333333333,0.4,0.2
1338,0.28125,0.0,0.625,0.25,0.375,0.375
1233,0.3275862068965517,0.1034482758620689,0.5172413793103449,0.3793103448275862,0.3793103448275862,0.2413793103448276
1375,0.3448275862068966,0.1034482758620689,0.5862068965517241,0.1034482758620689,0.4827586206896552,0.4137931034482758
1292,0.2558139534883721,0.1162790697674418,0.7441860465116279,0.4418604651162791,0.2093023255813953,0.2325581395348837
1357,0.1891891891891892,0.0,0.7027027027027027,0.4864864864864865,0.3783783783783784,0.1351351351351351
1398,0.2,0.0,0.35,0.25,0.4,0.3
1212,0.2916666666666667,0.3333333333333333,0.5277777777777778,0.25,0.25,0.3888888888888889
1236,0.3387096774193548,0.032258064516129,0.8064516129032258,0.5161290322580645,0.2903225806451613,0.0967741935483871
1394,0.2028985507246377,0.5797101449275363,0.3043478260869565,0.0869565217391304,0.1884057971014492,0.3188405797101449
1387,0.1666666666666666,0.0,0.3333333333333333,0.2222222222222222,0.5,0.2777777777777778
1277,0.3333333333333333,0.0,0.6666666666666666,0.1333333333333333,0.6,0.2666666666666666
1311,0.5,0.0,0.8,0.2666666666666666,0.2666666666666666,0.4
1364,0.0,0.0,1.0,0.0,0.0,1.0
1384,0.4210526315789473,0.0,0.6842105263157895,0.3684210526315789,0.4210526315789473,0.1578947368421052
1360,0.2058823529411764,0.5882352941176471,0.2941176470588235,0.4705882352941176,0.1470588235294117,0.1323529411764706
1293,0.2727272727272727,0.0,0.3181818181818182,0.3636363636363636,0.1818181818181818,0.3636363636363636
1282,0.3421052631578947,0.0,0.3684210526315789,0.2105263157894736,0.3684210526315789,0.4210526315789473
1265,0.2727272727272727,0.0,0.5909090909090909,0.3636363636363636,0.4090909090909091,0.1363636363636363
1278,0.2553191489361702,0.3617021276595744,0.4680851063829787,0.5319148936170213,0.2553191489361702,0.1914893617021276
1351,0.45,0.0,0.65,0.5,0.15,0.35
1319,0.1875,0.0,0.5416666666666666,0.2083333333333333,0.4583333333333333,0.3333333333333333
1311,0.2625,0.15,0.55,0.375,0.35,0.275
1307,0.3157894736842105,0.0,0.6842105263157895,0.4210526315789473,0.2631578947368421,0.2631578947368421
1263,0.2692307692307692,0.0,0.8461538461538461,0.2692307692307692,0.3461538461538461,0.1923076923076923
1229,0.2142857142857142,0.0,0.5714285714285714,0.1904761904761904,0.2857142857142857,0.4761904761904761
1398,0.25,0.0,0.46875,0.09375,0.53125,0.34375
1350,0.4615384615384615,0.1153846153846154,0.6923076923076923,0.1153846153846153,0.5,0.2692307692307692
1262,0.4090909090909091,0.0,0.4545454545454545,0.3636363636363636,0.3636363636363636,0.2727272727272727
1314,0.3684210526315789,0.368421052631579,0.4210526315789473,0.3684210526315789,0.2894736842105263,0.2105263157894736
1251,0.2948717948717949,0.3846153846153846,0.4615384615384615,0.2051282051282051,0.3333333333333333,0.358974358974359
1277,0.24,0.48,0.32,0.24,0.2,0.34
1318,0.2857142857142857,0.4523809523809523,0.3333333333333333,0.2619047619047619,0.2142857142857142,0.3095238095238095
1350,0.2352941176470588,0.0,0.6470588235294118,0.2941176470588235,0.4705882352941176,0.2352941176470588
1206,0.0833333333333333,0.0,1.0,0.0,0.5,0.5
1311,0.2291666666666666,0.0,0.5,0.0416666666666666,0.2916666666666667,0.5
1237,0.1388888888888889,0.0,0.6666666666666666,0.0555555555555555,0.6111111111111112,0.3333333333333333
1349,0.2727272727272727,0.0,0.6666666666666666,0.4545454545454545,0.3636363636363636,0.1515151515151515
1312,0.1842105263157894,0.6973684210526316,0.2105263157894736,0.3026315789473684,0.131578947368421,0.3421052631578947
1316,0.4,0.0,0.3,0.2,0.5,0.3
1227,0.2727272727272727,0.0,0.5909090909090909,0.4545454545454545,0.2727272727272727,0.2272727272727272
1388,0.2631578947368421,0.0,0.5263157894736842,0.2631578947368421,0.3684210526315789,0.3684210526315789
1341,0.25,0.0,1.0,0.0,0.6666666666666666,0.3333333333333333
1399,0.3214285714285714,0.0,0.3571428571428571,0.0714285714285714,0.2857142857142857,0.5714285714285714
1213,0.65,0.0,0.5,0.4,0.4,0.2
1220,0.2777777777777778,0.0,0.3333333333333333,0.2222222222222222,0.5555555555555556,0.2222222222222222
1300,0.282258064516129,0.4032258064516129,0.3387096774193548,0.3225806451612903,0.3225806451612903,0.2419354838709677
1301,0.125,0.0,1.0,0.1666666666666666,0.3333333333333333,0.5
1364,0.44,0.0799999999999999,0.6,0.24,0.2,0.48
1313,0.2674418604651162,0.0930232558139535,0.6976744186046512,0.3488372093023256,0.2558139534883721,0.3255813953488372
1383,0.25,0.0,0.25,0.0,0.5,0.5
1343,0.2413793103448276,0.0,0.7241379310344828,0.2413793103448276,0.2758620689655172,0.3448275862068966
1274,0.325,0.0,0.7,0.05,0.55,0.4
1363,0.3125,0.0625,0.78125,0.28125,0.21875,0.28125
1285,0.2424242424242424,0.0,0.7272727272727273,0.303030303030303,0.3636363636363636,0.303030303030303
1270,0.375,0.4166666666666666,0.3333333333333333,0.3958333333333333,0.3125,0.25
1289,0.2727272727272727,0.0,0.0909090909090909,0.0,0.3636363636363636,0.6363636363636364
1392,0.2708333333333333,0.0,0.7083333333333334,0.25,0.4583333333333333,0.2916666666666667
1331,0.293103448275862,0.0,0.5172413793103449,0.1724137931034483,0.5172413793103449,0.2758620689655172
1236,0.0789473684210526,0.0,1.0,0.0526315789473684,0.3684210526315789,0.4210526315789473
1321,0.1764705882352941,0.0,0.6470588235294118,0.2941176470588235,0.4117647058823529,0.2941176470588235
1236,0.181159420289855,0.1884057971014492,0.7536231884057971,0.1159420289855072,0.1594202898550724,0.1304347826086956
1286,0.2352941176470588,0.4117647058823529,0.3725490196078431,0.0980392156862745,0.3529411764705882,0.3725490196078431
1226,0.1805555555555555,0.0,0.6944444444444444,0.1944444444444444,0.3888888888888889,0.1666666666666666
1297,0.5,0.0,0.6,0.0,0.6,0.4
1265,0.2647058823529412,0.0,0.3529411764705882,0.1764705882352941,0.6470588235294118,0.1764705882352941
1271,0.4,0.0,0.8,0.2666666666666666,0.3333333333333333,0.2666666666666666
1330,0.0,0.0,1.0,0.0,0.0,1.0
1215,0.2419354838709677,0.0,0.4193548387096774,0.1935483870967742,0.3548387096774194,0.3870967741935484
1335,0.25,0.0,1.0,0.0,0.6666666666666666,0.3333333333333333
1279,0.3125,0.0,0.5,0.1875,0.375,0.4375
1256,0.2741935483870967,0.0,0.5806451612903226,0.1935483870967742,0.2258064516129032,0.3870967741935484
1207,0.25,0.0,0.6875,0.0625,0.3125,0.5
1262,0.2368421052631578,0.0,0.4210526315789473,0.2105263157894736,0.3157894736842105,0.4210526315789473
1339,0.1875,0.0,0.625,0.25,0.5,0.25
1312,0.25,0.0,0.5,0.0714285714285714,0.3571428571428571,0.5714285714285714
1264,0.3043478260869565,0.5652173913043479,0.2826086956521739,0.5,0.1956521739130435,0.3043478260869565
1354,0.275,0.3249999999999999,0.45,0.3,0.425,0.225
1356,0.2777777777777778,0.0,0.7777777777777778,0.2592592592592592,0.3333333333333333,0.2222222222222222
1311,0.175,0.0,0.25,0.3,0.25,0.45
1386,0.3571428571428571,0.0,0.1428571428571428,0.1428571428571428,0.5714285714285714,0.2857142857142857
1257,0.4166666666666667,0.0,0.1666666666666666,0.3333333333333333,0.3333333333333333,0.3333333333333333
1202,0.0,0.0,1.0,0.0,0.0,1.0
1387,0.2195121951219512,0.0,0.7804878048780488,0.4146341463414634,0.4146341463414634,0.1707317073170731
1366,0.2428571428571428,0.0,0.7714285714285715,0.1428571428571428,0.3714285714285714,0.3142857142857143
1303,0.1722222222222222,0.7222222222222222,0.2111111111111111,0.5111111111111111,0.1111111111111111,0.1
1269,0.375,0.0,0.4166666666666667,0.0,0.6666666666666666,0.3333333333333333
1399,0.3620689655172414,0.1379310344827586,0.6896551724137931,0.3103448275862069,0.2758620689655172,0.4137931034482758
1285,0.4166666666666667,0.0,0.7083333333333334,0.0833333333333333,0.5416666666666666,0.125
1247,0.4444444444444444,0.0,0.2222222222222222,0.0,0.3333333333333333,0.6666666666666666
1372,0.25,0.3653846153846154,0.4423076923076923,0.3653846153846153,0.2692307692307692,0.2884615384615384
1396,0.2647058823529412,0.0,0.7058823529411765,0.2352941176470588,0.4705882352941176,0.2941176470588235
1330,0.2578125,0.515625,0.34375,0.3125,0.15625,0.359375
1363,0.3125,0.3541666666666666,0.4791666666666667,0.4375,0.1458333333333333,0.3125
1276,0.28,0.0,0.88,0.16,0.52,0.32
1251,0.4230769230769231,0.1923076923076923,0.5,0.4230769230769231,0.2307692307692307,0.3461538461538461
1347,0.2777777777777778,0.0,1.0,0.1111111111111111,0.6666666666666666,0.2222222222222222
1255,0.15,0.0,1.0,0.3,0.3,0.4
1309,0.2631578947368421,0.4561403508771929,0.4385964912280701,0.4035087719298245,0.2631578947368421,0.2280701754385964
1372,0.2,0.4615384615384615,0.4,0.0923076923076923,0.4769230769230769,0.2461538461538461
1273,0.2777777777777778,0.0,0.7407407407407407,0.3333333333333333,0.2962962962962963,0.2962962962962963
1331,0.1428571428571428,0.0,1.0,0.0,0.2857142857142857,0.7142857142857143
1295,0.28,0.4,0.36,0.32,0.24,0.24
1281,0.2232142857142857,0.125,0.7678571428571429,0.2142857142857142,0.1607142857142857,0.1964285714285714
1277,0.3421052631578947,0.0,0.3684210526315789,0.2631578947368421,0.4210526315789473,0.2631578947368421
1341,0.45,0.0,0.65,0.05,0.7,0.25
1377,0.4318181818181818,0.1363636363636363,0.6818181818181818,0.4545454545454545,0.1818181818181818,0.3636363636363636
1389,0.2631578947368421,0.0,0.5263157894736842,0.3157894736842105,0.2631578947368421,0.3157894736842105
1219,0.1785714285714285,0.0,0.2142857142857142,0.0714285714285714,0.2857142857142857,0.6428571428571429
1214,0.3484848484848485,0.3333333333333333,0.3333333333333333,0.3636363636363636,0.303030303030303,0.2121212121212121
1296,0.2368421052631578,0.0,0.4210526315789473,0.1052631578947368,0.5789473684210527,0.2631578947368421
1302,0.4444444444444444,0.0,0.5555555555555556,0.5,0.3888888888888889,0.1111111111111111
1270,0.25,0.0,0.1,0.2,0.4,0.4
1296,0.3125,0.03125,0.65625,0.4375,0.09375,0.28125
1358,0.2551020408163265,0.3673469387755101,0.4897959183673469,0.2448979591836734,0.3061224489795918,0.3265306122448979
1317,0.275,0.0,0.75,0.15,0.35,0.25
1327,0.25,0.0,0.4,0.05,0.55,0.2
1382,0.2,0.0,0.25,0.15,0.35,0.5
1287,0.2441860465116279,0.1860465116279069,0.5348837209302325,0.2558139534883721,0.2558139534883721,0.2790697674418604
1313,0.3163265306122449,0.4897959183673469,0.3265306122448979,0.4489795918367347,0.1632653061224489,0.3673469387755102
1215,0.25,0.0,1.0,0.0,0.0,1.0
1336,0.2375,0.0999999999999999,0.65,0.125,0.375,0.325
1210,0.24,0.0,0.68,0.16,0.36,0.4
1234,0.2307692307692307,0.0,0.6923076923076923,0.3846153846153846,0.282051282051282,0.3333333333333333
1365,0.3043478260869565,0.0,0.4782608695652174,0.0869565217391304,0.4347826086956521,0.4782608695652174
1272,0.2777777777777778,0.0,0.7037037037037037,0.2962962962962963,0.2962962962962963,0.2962962962962963
1344,0.375,0.0,0.5833333333333334,0.0833333333333333,0.3333333333333333,0.4166666666666667
1292,0.3636363636363636,0.0,0.7272727272727273,0.2272727272727272,0.2727272727272727,0.3181818181818182
1346,0.3409090909090909,0.0,0.5,0.2727272727272727,0.2727272727272727,0.3181818181818182
1273,0.2692307692307692,0.0,0.3076923076923077,0.1538461538461538,0.4615384615384615,0.3076923076923077
1228,0.3148148148148148,0.0,0.5555555555555556,0.2962962962962963,0.1851851851851851,0.4814814814814814
1338,0.3243243243243243,0.2432432432432432,0.5945945945945946,0.1891891891891892,0.5675675675675675,0.1891891891891892
1314,0.46875,0.0,0.6875,0.125,0.5625,0.3125
1227,0.2307692307692307,0.0,0.6153846153846154,0.2692307692307692,0.3846153846153846,0.2692307692307692
1239,0.2894736842105263,0.0,0.631578947368421,0.2631578947368421,0.2105263157894736,0.5263157894736842
1289,0.3529411764705882,0.0,0.6470588235294118,0.2941176470588235,0.4117647058823529,0.2941176470588235
1366,0.4655172413793103,0.2413793103448276,0.5172413793103449,0.3103448275862069,0.4137931034482758,0.2413793103448276
1317,0.25,0.125,0.7083333333333334,0.0625,0.3333333333333333,0.2291666666666666
1250,0.3653846153846153,0.0,0.6153846153846154,0.2692307692307692,0.3461538461538461,0.3846153846153846
1265,0.1333333333333333,0.0,0.4666666666666667,0.1333333333333333,0.4,0.4666666666666667
1230,0.2333333333333333,0.0,0.4,0.2666666666666666,0.3333333333333333,0.4
1300,0.2826086956521739,0.0,0.7391304347826086,0.1739130434782608,0.5217391304347826,0.3043478260869565
1365,0.2631578947368421,0.0,0.3684210526315789,0.1578947368421052,0.5263157894736842,0.3157894736842105
1271,0.0869565217391304,0.0,1.0,0.217391304347826,0.5652173913043478,0.217391304347826
1305,0.4230769230769231,0.1794871794871795,0.5128205128205128,0.3076923076923077,0.3846153846153846,0.282051282051282
1297,0.5,0.0,0.6,0.3,0.4,0.2
1363,0.0625,0.0,1.0,0.375,0.25,0.375
1311,0.3125,0.0,0.125,0.0,0.625,0.375
1226,0.2,0.3,0.5285714285714286,0.1571428571428571,0.3571428571428571,0.2857142857142857
1355,0.45,0.0,0.7,0.3,0.4,0.3
1253,0.25,0.0263157894736841,0.7368421052631579,0.3684210526315789,0.2631578947368421,0.2894736842105263
1249,0.1111111111111111,0.0,1.0,0.1666666666666666,0.3888888888888889,0.3888888888888889
1294,0.24,0.0,0.52,0.2,0.4,0.36
1278,0.2916666666666667,0.0,0.3333333333333333,0.0,0.4166666666666667,0.5833333333333334
1288,0.2272727272727272,0.0909090909090909,0.7045454545454546,0.1590909090909091,0.2045454545454545,0.4090909090909091
1248,0.3181818181818182,0.0,0.3636363636363636,0.2727272727272727,0.2727272727272727,0.4545454545454545
1387,0.4615384615384615,0.0,0.6153846153846154,0.1538461538461538,0.3076923076923077,0.5384615384615384
1326,0.2954545454545454,0.0,0.4545454545454545,0.0909090909090909,0.4090909090909091,0.3636363636363636
1361,0.2890625,0.5,0.375,0.421875,0.1875,0.296875
1363,0.2272727272727272,0.0454545454545454,0.8409090909090909,0.4318181818181818,0.2727272727272727,0.1818181818181818
1337,0.375,0.0,0.7,0.15,0.65,0.2
1326,0.2794117647058823,0.0,0.7352941176470589,0.1470588235294117,0.3529411764705882,0.2647058823529412
1338,0.25,0.0,0.5,0.0357142857142857,0.4642857142857143,0.3214285714285714
1332,0.35,0.0,0.3,0.2,0.5,0.3
1308,0.4,0.0,0.55,0.25,0.3,0.45
1214,0.2340425531914893,0.276595744680851,0.574468085106383,0.5319148936170213,0.1702127659574468,0.2340425531914893
1364,0.25,0.0,1.0,0.0,0.25,0.75
1363,0.2142857142857142,0.0,1.0,0.1428571428571428,0.2857142857142857,0.5714285714285714
1357,0.0,0.0,1.0,0.0,0.6666666666666666,0.3333333333333333
1340,0.1666666666666666,0.0,1.0,0.0833333333333333,0.5833333333333334,0.3333333333333333
1359,0.4807692307692308,0.1923076923076923,0.5384615384615384,0.3846153846153846,0.2692307692307692,0.3461538461538461
1268,0.3666666666666666,0.2666666666666667,0.5333333333333333,0.3333333333333333,0.2888888888888888,0.2666666666666666
1237,0.3928571428571428,0.0357142857142857,0.3928571428571428,0.25,0.3928571428571428,0.3571428571428571
1386,0.1842105263157894,0.0,0.6052631578947368,0.4210526315789473,0.2105263157894736,0.2894736842105263
1234,0.3421052631578947,0.2631578947368421,0.4736842105263157,0.2105263157894736,0.3421052631578947,0.2631578947368421
1297,0.1428571428571428,0.0,0.2857142857142857,0.1428571428571428,0.6428571428571429,0.2142857142857142
1279,0.1666666666666666,0.0,0.4,0.0,0.6666666666666666,0.3333333333333333
1227,0.282051282051282,0.4871794871794872,0.4102564102564102,0.1794871794871795,0.282051282051282,0.2564102564102564
1342,0.2647058823529412,0.0,0.3529411764705882,0.1764705882352941,0.2941176470588235,0.4117647058823529
1206,0.2666666666666666,0.0,0.6333333333333333,0.1666666666666666,0.3333333333333333,0.2333333333333333
1308,0.2592592592592592,0.0,0.5555555555555556,0.1851851851851851,0.4074074074074074,0.3703703703703703
1278,0.2580645161290322,0.0,0.6451612903225806,0.3225806451612903,0.3548387096774194,0.2580645161290322
1355,0.25,0.0,0.7368421052631579,0.1578947368421052,0.1842105263157894,0.2894736842105263
1295,0.2692307692307692,0.0,0.2307692307692307,0.1538461538461538,0.3076923076923077,0.5384615384615384
1337,0.4761904761904761,0.0476190476190476,0.6666666666666666,0.1904761904761904,0.6190476190476191,0.1904761904761904
1284,0.2076923076923077,0.4923076923076923,0.3076923076923077,0.3846153846153846,0.2615384615384615,0.1538461538461538
1203,0.3076923076923077,0.0,0.3846153846153846,0.0769230769230769,0.5384615384615384,0.3846153846153846
1292,0.2659574468085106,0.2553191489361702,0.5957446808510638,0.1276595744680851,0.2553191489361702,0.1914893617021276
1210,0.2580645161290322,0.6451612903225806,0.1774193548387097,0.2741935483870967,0.1935483870967742,0.3870967741935484
1324,0.4375,0.0,0.75,0.25,0.3125,0.4375
1352,0.3125,0.0,0.5625,0.1875,0.4375,0.1875
1301,0.2439024390243902,0.0,0.8780487804878049,0.2439024390243902,0.2682926829268293,0.2439024390243902
1373,0.46875,0.0,0.375,0.1875,0.375,0.4375
1359,0.3064516129032258,0.032258064516129,0.7419354838709677,0.1290322580645161,0.4193548387096774,0.4516129032258064
1215,0.2916666666666667,0.0,0.25,0.1666666666666666,0.4166666666666667,0.4166666666666667
1372,0.5,0.0,0.6875,0.0,0.3125,0.1875
1255,0.0,0.0,1.0,0.0,0.4285714285714285,0.5714285714285714
1361,0.2,0.0,0.2666666666666666,0.0666666666666666,0.3333333333333333,0.6
1390,0.2547169811320754,0.4339622641509434,0.320754716981132,0.2075471698113207,0.1886792452830188,0.4339622641509434
1358,0.2631578947368421,0.0,0.9210526315789472,0.2368421052631578,0.3421052631578947,0.2105263157894736
1286,0.328125,0.1875,0.5625,0.21875,0.34375,0.34375
1268,0.25,0.0,0.1,0.1,0.6,0.3
1340,0.4137931034482758,0.0344827586206896,0.6206896551724138,0.2068965517241379,0.3103448275862069,0.4827586206896552
1319,0.0,0.0,1.0,0.0,0.0,1.0
1282,0.3947368421052631,0.0,0.631578947368421,0.2631578947368421,0.2631578947368421,0.4736842105263157
1386,0.325,0.0,0.55,0.05,0.65,0.3
1383,0.28125,0.0625,0.6875,0.34375,0.28125,0.34375
1345,0.3461538461538461,0.0,0.6923076923076923,0.1538461538461538,0.3076923076923077,0.5384615384615384
1271,0.2164179104477611,0.4029850746268657,0.373134328358209,0.2238805970149253,0.1940298507462686,0.3283582089552239
1397,0.2857142857142857,0.0,0.1428571428571428,0.2857142857142857,0.4285714285714285,0.2857142857142857
1297,0.2432432432432432,0.0,0.6216216216216216,0.2702702702702703,0.2972972972972973,0.2972972972972973
1335,0.0,0.0,1.0,0.0,0.0,1.0
1384,0.25,0.0,0.6071428571428571,0.2857142857142857,0.2142857142857142,0.3928571428571428
1375,0.1956521739130435,0.0,0.6739130434782609,0.3695652173913043,0.2391304347826087,0.2608695652173913
1366,0.3666666666666666,0.0,0.4666666666666667,0.1333333333333333,0.3333333333333333,0.4666666666666667
1361,0.4347826086956521,0.0869565217391304,0.5652173913043478,0.1304347826086956,0.5652173913043478,0.3043478260869565
1331,0.28125,0.4583333333333333,0.375,0.2708333333333333,0.2083333333333333,0.3333333333333333
1392,0.2553191489361702,0.127659574468085,0.7446808510638298,0.2765957446808511,0.2340425531914893,0.2978723404255319
1318,0.3928571428571428,0.1785714285714286,0.6428571428571429,0.3571428571428571,0.3214285714285714,0.2857142857142857
1340,0.3181818181818182,0.0,0.4545454545454545,0.0,0.3636363636363636,0.4545454545454545
1232,0.2857142857142857,0.0,0.7857142857142857,0.2142857142857142,0.4285714285714285,0.3571428571428571
1319,0.25,0.0,0.7,0.0,0.7,0.3
1286,0.3571428571428571,0.0,0.1428571428571428,0.0,0.5714285714285714,0.4285714285714285
1236,0.2571428571428571,0.0,0.8,0.4285714285714285,0.3714285714285714,0.1714285714285714
1398,0.2,0.0,0.6,0.2,0.36,0.44
1299,0.2592592592592592,0.0,0.7407407407407407,0.2962962962962963,0.2222222222222222,0.4814814814814814
1330,0.3928571428571428,0.0,0.7142857142857143,0.0714285714285714,0.3571428571428571,0.4285714285714285
1223,0.1578947368421052,0.0,0.3684210526315789,0.0526315789473684,0.3684210526315789,0.4736842105263157
1370,0.3,0.0,0.35,0.25,0.25,0.35
1253,0.2790697674418604,0.2790697674418605,0.4883720930232558,0.2558139534883721,0.2093023255813953,0.3488372093023256
1283,0.3095238095238095,0.0,0.8095238095238095,0.3333333333333333,0.2857142857142857,0.3809523809523809
1340,0.3529411764705882,0.0,0.4117647058823529,0.1764705882352941,0.3529411764705882,0.4705882352941176
1316,0.2592592592592592,0.0,0.6666666666666666,0.3333333333333333,0.2962962962962963,0.3333333333333333
1336,0.3409090909090909,0.0,0.5454545454545454,0.3636363636363636,0.3636363636363636,0.2727272727272727
1316,0.2903225806451613,0.1612903225806451,0.6774193548387096,0.1612903225806451,0.5161290322580645,0.3225806451612903
1272,0.421875,0.21875,0.4375,0.28125,0.34375,0.34375
1289,0.2727272727272727,0.0,0.0909090909090909,0.0,0.3636363636363636,0.6363636363636364
1344,0.3125,0.0,0.125,0.25,0.375,0.375
1203,0.2142857142857142,0.0,0.6428571428571429,0.2142857142857142,0.3571428571428571,0.3571428571428571
1208,0.4230769230769231,0.0,0.6923076923076923,0.3076923076923077,0.3846153846153846,0.3076923076923077
1296,0.3265306122448979,0.2857142857142857,0.5102040816326531,0.3469387755102041,0.3061224489795918,0.3061224489795918
1307,0.2313432835820895,0.7164179104477613,0.1940298507462686,0.4029850746268656,0.208955223880597,0.1791044776119403
1202,0.75,0.0,1.0,0.0,1.0,0.0
1325,0.1796875,0.0,0.859375,0.171875,0.265625,0.171875
1360,0.234375,0.0,0.84375,0.25,0.28125,0.21875
1366,0.4074074074074074,0.2222222222222222,0.5185185185185185,0.1851851851851851,0.4814814814814814,0.2592592592592592
1333,0.3809523809523809,0.0,0.6190476190476191,0.0,0.7142857142857143,0.2857142857142857
1370,0.0,0.0,1.0,0.0,0.0,1.0
1275,0.3333333333333333,0.0,0.7619047619047619,0.238095238095238,0.5714285714285714,0.1904761904761904
1392,0.2741935483870967,0.0,0.6774193548387096,0.1935483870967742,0.2903225806451613,0.3548387096774194
1326,0.3529411764705882,0.1470588235294118,0.7352941176470589,0.2647058823529412,0.2941176470588235,0.3529411764705882
1339,0.0,0.0,1.0,0.0,0.0,1.0
1357,0.396551724137931,0.1034482758620689,0.5517241379310345,0.3793103448275862,0.3448275862068966,0.2068965517241379
1398,0.2096774193548387,0.0,0.4838709677419355,0.1935483870967742,0.3548387096774194,0.3225806451612903
1293,0.3,0.0,1.0,0.4,0.4,0.2
1257,0.1666666666666666,0.0,1.0,0.0,0.5555555555555556,0.4444444444444444
1392,0.2916666666666667,0.1666666666666666,0.5833333333333334,0.4444444444444444,0.2777777777777778,0.25
1384,0.25,0.0,0.6071428571428571,0.2857142857142857,0.2142857142857142,0.3928571428571428
