Player,Captures,Endgame,Middlegame,Major Pieces,Minor Pieces,Pawn
1500,0.2708333333333333,0.0,0.7083333333333334,0.1666666666666666,0.3333333333333333,0.2916666666666667
1445,0.2394366197183098,0.5352112676056338,0.3661971830985915,0.4788732394366197,0.2112676056338028,0.2535211267605634
1537,0.2142857142857142,0.0,0.7857142857142857,0.3095238095238095,0.4761904761904761,0.1428571428571428
1588,0.2222222222222222,0.0,0.6296296296296297,0.2962962962962963,0.3703703703703703,0.3333333333333333
1581,0.2307692307692307,0.0,0.7435897435897436,0.282051282051282,0.3333333333333333,0.3333333333333333
1588,0.35,0.0,0.5,0.3,0.4,0.25
1500,0.4318181818181818,0.4772727272727273,0.3636363636363636,0.3181818181818182,0.25,0.4090909090909091
1560,0.2638888888888889,0.0555555555555555,0.6666666666666666,0.2777777777777778,0.3333333333333333,0.3055555555555556
1590,0.2258064516129032,0.0,0.9032258064516128,0.1290322580645161,0.6129032258064516,0.2580645161290322
1471,0.2638888888888889,0.1111111111111111,0.7222222222222222,0.5,0.2777777777777778,0.1944444444444444
1409,0.1333333333333333,0.0,1.0,0.2,0.3333333333333333,0.4
1438,0.3529411764705882,0.0,0.6470588235294118,0.4117647058823529,0.3529411764705882,0.1764705882352941
1580,0.4,0.0,0.65,0.4,0.35,0.25
1463,0.18,0.0,0.24,0.2,0.24,0.56
1482,0.325,0.0,0.75,0.3,0.3,0.35
1500,0.25,0.0,1.0,0.0,0.5,0.5
1464,0.25,0.0,0.5833333333333334,0.0,0.6666666666666666,0.3333333333333333
1499,0.3333333333333333,0.1666666666666666,0.6666666666666666,0.3,0.3666666666666666,0.3
1578,0.2236842105263158,0.0,0.5789473684210527,0.3947368421052631,0.2105263157894736,0.2894736842105263
1464,0.375,0.0,0.8,0.15,0.5,0.35
1514,0.0909090909090909,0.0,1.0,0.0909090909090909,0.4545454545454545,0.4545454545454545
1400,0.21875,0.0,0.5,0.125,0.5,0.375
1438,0.625,0.0,0.75,0.0625,0.4375,0.375
1591,0.3,0.2857142857142857,0.5142857142857142,0.0857142857142857,0.4,0.3142857142857143
1557,0.2313432835820895,0.4925373134328358,0.2985074626865671,0.2985074626865671,0.2985074626865671,0.2686567164179104
1513,0.3,0.0,0.6666666666666666,0.0666666666666666,0.6666666666666666,0.2666666666666666
1522,0.3333333333333333,0.0,0.1666666666666666,0.3333333333333333,0.5,0.1666666666666666
1446,0.21875,0.0,0.53125,0.21875,0.3125,0.34375
1474,0.2083333333333333,0.0,0.0833333333333333,0.25,0.4166666666666667,0.3333333333333333
1413,0.293103448275862,0.0,0.7586206896551724,0.3448275862068966,0.1724137931034483,0.4482758620689655
1525,0.1875,0.0,0.125,0.25,0.4375,0.3125
1581,0.2777777777777778,0.0,0.6666666666666666,0.3333333333333333,0.4814814814814814,0.1851851851851851
1530,0.28,0.0,0.52,0.12,0.44,0.44
1574,0.2195121951219512,0.097560975609756,0.6341463414634146,0.4878048780487805,0.2682926829268293,0.2439024390243902
1550,0.1176470588235294,0.0,1.0,0.0,0.4705882352941176,0.5294117647058824
1565,0.4,0.0,0.8,0.3,0.4,0.3
1510,0.217391304347826,0.0,0.217391304347826,0.0869565217391304,0.4782608695652174,0.4347826086956521
1505,0.1627906976744186,0.0,0.6976744186046512,0.3255813953488372,0.2093023255813953,0.2325581395348837
1583,0.24,0.0,0.56,0.16,0.28,0.56
1500,0.2777777777777778,0.0,0.7777777777777778,0.1851851851851851,0.4814814814814814,0.2222222222222222
1430,0.3421052631578947,0.0,0.4736842105263157,0.3684210526315789,0.3157894736842105,0.2631578947368421
1545,0.2301587301587301,0.3809523809523809,0.5238095238095238,0.365079365079365,0.238095238095238,0.2698412698412698
1500,0.5,0.0,0.6,0.2,0.4666666666666667,0.3333333333333333
1537,0.3392857142857143,0.0,0.7142857142857143,0.2857142857142857,0.3571428571428571,0.3571428571428571
1500,0.225,0.0,0.65,0.15,0.1,0.3
1484,0.4705882352941176,0.0,0.6470588235294118,0.1176470588235294,0.5294117647058824,0.2352941176470588
1448,0.125,0.0,1.0,0.0,0.25,0.75
1473,0.2894736842105263,0.2105263157894736,0.5789473684210527,0.3684210526315789,0.3684210526315789,0.1842105263157894
1500,0.0,0.0,1.0,0.0,0.4285714285714285,0.5714285714285714
1439,0.2741935483870967,0.0,0.8064516129032258,0.2580645161290322,0.2903225806451613,0.4193548387096774
1595,0.25,0.0,0.3,0.2,0.3,0.5
1500,0.0,0.0,1.0,0.0,0.0,1.0
1503,0.5,0.0,0.5,0.2857142857142857,0.5,0.2142857142857142
1500,0.1959459459459459,0.6081081081081081,0.2297297297297297,0.2297297297297297,0.1351351351351351,0.3108108108108108
1518,0.0,0.0,1.0,0.0,0.3333333333333333,0.6666666666666666
1423,0.2375,0.0,0.7,0.3,0.275,0.325
1441,0.2258064516129032,0.0,0.5161290322580645,0.1935483870967742,0.5161290322580645,0.2580645161290322
1418,0.3,0.0,0.2666666666666666,0.0666666666666666,0.4,0.5333333333333333
1561,0.2555555555555555,0.4222222222222223,0.3111111111111111,0.2,0.2888888888888888,0.3111111111111111
1537,0.0,0.0,1.0,0.0,0.0,1.0
1575,0.2894736842105263,0.0,0.4736842105263157,0.1578947368421052,0.4210526315789473,0.4210526315789473
1542,0.1554054054054054,0.1756756756756756,0.7837837837837838,0.2972972972972973,0.2702702702702703,0.2297297297297297
1417,0.3695652173913043,0.0,0.6521739130434783,0.0869565217391304,0.391304347826087,0.4782608695652174
1587,0.4473684210526316,0.0,0.7894736842105263,0.4210526315789473,0.3157894736842105,0.2631578947368421
1573,0.2045454545454545,0.0,0.8636363636363636,0.25,0.3409090909090909,0.3409090909090909
1500,0.3275862068965517,0.0344827586206896,0.6206896551724138,0.1379310344827586,0.4482758620689655,0.4137931034482758
1423,0.3636363636363636,0.0,0.6363636363636364,0.2272727272727272,0.5,0.2727272727272727
1450,0.1538461538461538,0.0,1.0,0.1538461538461538,0.5384615384615384,0.3076923076923077
1576,0.2063492063492063,0.5079365079365079,0.3809523809523809,0.4285714285714285,0.2063492063492063,0.2539682539682539
1442,0.2678571428571428,0.0,0.5714285714285714,0.3928571428571428,0.2857142857142857,0.25
1500,0.36,0.0,0.8,0.24,0.48,0.24
1500,0.4423076923076923,0.2307692307692307,0.5,0.4230769230769231,0.2307692307692307,0.3461538461538461
1534,0.2978723404255319,0.1702127659574468,0.7021276595744681,0.3404255319148936,0.1702127659574468,0.3829787234042553
1488,0.3157894736842105,0.368421052631579,0.3684210526315789,0.3421052631578947,0.2894736842105263,0.2894736842105263
1532,0.3181818181818182,0.0,0.6363636363636364,0.3636363636363636,0.2272727272727272,0.3181818181818182
1514,0.217391304347826,0.0,0.391304347826087,0.0869565217391304,0.3043478260869565,0.3478260869565217
1502,0.28,0.0,0.76,0.32,0.24,0.44
1588,0.3148148148148148,0.0,0.8148148148148148,0.1851851851851851,0.3333333333333333,0.3333333333333333
1477,0.5833333333333334,0.0,0.6666666666666666,0.25,0.5833333333333334,0.1666666666666666
1504,0.391304347826087,0.0,0.6086956521739131,0.3043478260869565,0.3478260869565217,0.3478260869565217
1433,0.3125,0.0625,0.65625,0.46875,0.25,0.25
1470,0.35,0.0,0.75,0.2,0.55,0.25
1506,0.3035714285714285,0.0,0.75,0.1785714285714285,0.3928571428571428,0.3571428571428571
1485,0.2039473684210526,0.513157894736842,0.3421052631578947,0.1710526315789473,0.3289473684210526,0.25
1545,0.1842105263157894,0.0,0.7105263157894737,0.3421052631578947,0.3421052631578947,0.2368421052631578
1581,0.0,0.0,1.0,0.0,0.0,1.0
1476,0.2105263157894736,0.3508771929824561,0.5263157894736842,0.1052631578947368,0.2456140350877192,0.2280701754385964
1515,0.3173076923076923,0.5192307692307692,0.3076923076923077,0.3653846153846153,0.173076923076923,0.3269230769230769
1419,0.2321428571428571,0.0,0.8214285714285714,0.25,0.5,0.25
1594,0.2083333333333333,0.0,0.1666666666666666,0.25,0.5,0.25
1421,0.171875,0.0,0.890625,0.125,0.234375,0.265625
1519,0.1969696969696969,0.0,0.8484848484848485,0.303030303030303,0.4848484848484848,0.2121212121212121
1556,0.28125,0.0,0.4375,0.125,0.5625,0.3125
1448,0.2647058823529412,0.3137254901960784,0.5882352941176471,0.3333333333333333,0.2352941176470588,0.2352941176470588
1545,0.0,0.0,1.0,0.0,0.6666666666666666,0.3333333333333333
1512,0.3953488372093023,0.5581395348837209,0.3488372093023256,0.3488372093023256,0.2093023255813953,0.3255813953488372
1599,0.2580645161290322,0.0,0.7096774193548387,0.2258064516129032,0.2580645161290322,0.3225806451612903
1545,0.3666666666666666,0.0,0.5333333333333333,0.2,0.2666666666666666,0.5333333333333333
1423,0.3235294117647059,0.0,0.7647058823529411,0.2352941176470588,0.4117647058823529,0.2352941176470588
1574,0.2916666666666667,0.2222222222222222,0.5277777777777778,0.25,0.3611111111111111,0.3333333333333333
1523,0.2083333333333333,0.0,0.6875,0.25,0.2916666666666667,0.3125
1427,0.2053571428571428,0.2857142857142857,0.4464285714285714,0.3392857142857143,0.3035714285714285,0.25
1421,0.1666666666666666,0.0,1.0,0.1666666666666666,0.5,0.3333333333333333
1500,0.1,0.0,1.0,0.0,0.6,0.4
1559,0.3125,0.0,0.625,0.3125,0.4375,0.25
1573,0.2982456140350877,0.6140350877192983,0.3157894736842105,0.175438596491228,0.2280701754385964,0.3157894736842105
1530,0.1987179487179487,0.6025641025641026,0.282051282051282,0.3461538461538461,0.1923076923076923,0.1794871794871795
1496,0.3181818181818182,0.3181818181818182,0.5681818181818182,0.3409090909090909,0.3409090909090909,0.2272727272727272
1428,0.1923076923076923,0.0,0.5384615384615384,0.0769230769230769,0.4230769230769231,0.4230769230769231
1448,0.21875,0.0,0.5625,0.125,0.375,0.5
1506,0.2105263157894736,0.0,0.2105263157894736,0.631578947368421,0.1052631578947368,0.2631578947368421
1466,0.1428571428571428,0.0,0.5714285714285714,0.0,0.3571428571428571,0.6428571428571429
1552,0.3461538461538461,0.0,0.8461538461538461,0.3076923076923077,0.3461538461538461,0.2692307692307692
1527,0.21875,0.0,0.7708333333333334,0.2916666666666667,0.3333333333333333,0.2291666666666666
1522,0.1875,0.0,0.71875,0.25,0.25,0.3125
1500,0.75,0.0,0.7,0.1,0.6,0.3
1545,0.2307692307692307,0.0,0.5,0.1538461538461538,0.2692307692307692,0.3846153846153846
1442,0.3205128205128205,0.3589743589743589,0.4358974358974359,0.3846153846153846,0.2564102564102564,0.282051282051282
1591,0.1428571428571428,0.0,1.0,0.0,0.5714285714285714,0.2857142857142857
1404,0.2291666666666666,0.0,0.6666666666666666,0.2083333333333333,0.4166666666666667,0.375
1507,0.125,0.0,1.0,0.0,0.25,0.75
1572,0.2962962962962963,0.0,0.7037037037037037,0.2592592592592592,0.5555555555555556,0.1851851851851851
1598,0.4310344827586206,0.3103448275862068,0.4137931034482758,0.3448275862068966,0.3448275862068966,0.2758620689655172
1532,0.25,0.0,0.8125,0.28125,0.25,0.34375
1450,0.1808510638297872,0.0,0.7872340425531915,0.2978723404255319,0.2553191489361702,0.3404255319148936
1508,0.375,0.0714285714285714,0.5714285714285714,0.3214285714285714,0.3928571428571428,0.2142857142857142
1500,0.3181818181818182,0.0,0.3636363636363636,0.0909090909090909,0.4545454545454545,0.4545454545454545
1500,0.2236842105263158,0.0,0.5526315789473685,0.1842105263157894,0.2894736842105263,0.3157894736842105
1500,0.2,0.0,0.75,0.1,0.45,0.45
1549,0.3620689655172414,0.1724137931034483,0.5862068965517241,0.4137931034482758,0.3793103448275862,0.2068965517241379
1523,0.3076923076923077,0.0,0.6923076923076923,0.2307692307692307,0.3076923076923077,0.3846153846153846
1584,0.2407407407407407,0.0,0.5185185185185185,0.3333333333333333,0.2962962962962963,0.2592592592592592
1560,0.2153846153846154,0.4461538461538461,0.4923076923076923,0.2,0.2307692307692307,0.2615384615384615
1578,0.2321428571428571,0.0,0.6071428571428571,0.2857142857142857,0.3928571428571428,0.25
1484,0.2692307692307692,0.0,0.3076923076923077,0.3076923076923077,0.3846153846153846,0.3076923076923077
1426,0.2758620689655172,0.5,0.4137931034482758,0.3275862068965517,0.2586206896551724,0.3103448275862069
1512,0.3260869565217391,0.0,0.6956521739130435,0.1304347826086956,0.4782608695652174,0.391304347826087
1570,0.2580645161290322,0.0,0.6129032258064516,0.4193548387096774,0.3225806451612903,0.2258064516129032
1548,0.1407766990291262,0.5631067961165048,0.3106796116504854,0.2815533980582524,0.1262135922330097,0.2135922330097087
1500,0.1666666666666666,0.0,0.5,0.2,0.2333333333333333,0.4333333333333333
1504,0.4318181818181818,0.0,0.6363636363636364,0.3181818181818182,0.4090909090909091,0.2727272727272727
1497,0.2272727272727272,0.0,0.6363636363636364,0.2727272727272727,0.1818181818181818,0.4090909090909091
1500,0.25,0.0,0.375,0.0,0.6875,0.3125
1593,0.38,0.0,0.64,0.4,0.28,0.32
1483,0.3823529411764705,0.0,0.6470588235294118,0.5294117647058824,0.2352941176470588,0.2352941176470588
1525,0.2222222222222222,0.0,0.7777777777777778,0.3333333333333333,0.2962962962962963,0.3333333333333333
1449,0.2678571428571428,0.0,0.7857142857142857,0.25,0.1785714285714285,0.5
1500,0.3148148148148148,0.0,0.4814814814814814,0.2962962962962963,0.4814814814814814,0.2222222222222222
1500,0.3378378378378378,0.1621621621621621,0.6486486486486487,0.4054054054054054,0.4054054054054054,0.1891891891891892
1493,0.2045454545454545,0.0,0.5909090909090909,0.1363636363636363,0.3636363636363636,0.3636363636363636
1492,0.24,0.36,0.38,0.26,0.34,0.32
1421,0.2258064516129032,0.0,0.8064516129032258,0.2580645161290322,0.2258064516129032,0.3548387096774194
1498,0.2545454545454545,0.3636363636363636,0.509090909090909,0.1272727272727272,0.2909090909090909,0.2909090909090909
1451,0.2333333333333333,0.0,0.6666666666666666,0.2666666666666666,0.2666666666666666,0.4
1491,0.1710526315789473,0.5394736842105263,0.2894736842105263,0.3026315789473684,0.1710526315789473,0.1973684210526315
1485,0.4,0.04,0.56,0.2,0.48,0.32
1492,0.2368421052631578,0.4736842105263158,0.3859649122807017,0.1578947368421052,0.2456140350877192,0.3333333333333333
1523,0.1746987951807229,0.6024096385542168,0.2409638554216867,0.2409638554216867,0.1325301204819277,0.253012048192771
1485,0.375,0.0,0.125,0.375,0.0,0.625
1549,0.4166666666666667,0.0,0.6666666666666666,0.3888888888888889,0.3888888888888889,0.2222222222222222
1576,0.5,0.12,0.44,0.4,0.4,0.2
1500,0.2903225806451613,0.0,0.7096774193548387,0.3870967741935484,0.3548387096774194,0.2580645161290322
1408,0.3636363636363636,0.0,0.5454545454545454,0.1818181818181818,0.6363636363636364,0.1818181818181818
1545,0.2631578947368421,0.0,0.631578947368421,0.1052631578947368,0.4210526315789473,0.4736842105263157
1542,0.3181818181818182,0.0,0.6363636363636364,0.1363636363636363,0.3636363636363636,0.4090909090909091
1423,0.275,0.0,0.5,0.1,0.55,0.35
1515,0.3125,0.0,0.625,0.375,0.25,0.375
1447,0.2049180327868852,0.4426229508196722,0.4098360655737705,0.2950819672131147,0.180327868852459,0.2459016393442623
1500,0.2777777777777778,0.0,0.1111111111111111,0.0,0.6666666666666666,0.3333333333333333
1474,0.4193548387096774,0.0967741935483871,0.5483870967741935,0.3548387096774194,0.2580645161290322,0.3225806451612903
1413,0.2857142857142857,0.0,0.5,0.0714285714285714,0.3571428571428571,0.5
1416,0.25,0.0,0.5,0.125,0.6875,0.1875
1563,0.4318181818181818,0.0,0.5,0.1818181818181818,0.5,0.3181818181818182
1433,0.2580645161290322,0.0,0.4516129032258064,0.2258064516129032,0.2580645161290322,0.4193548387096774
1441,0.2708333333333333,0.0,0.6666666666666666,0.2916666666666667,0.375,0.3333333333333333
1470,0.24,0.0,0.68,0.24,0.52,0.24
1413,0.35,0.0,0.6,0.15,0.4,0.45
1592,0.1842105263157894,0.0,0.4210526315789473,0.0526315789473684,0.3684210526315789,0.4736842105263157
1489,0.3125,0.0,0.125,0.25,0.375,0.375
1567,0.3333333333333333,0.25,0.5277777777777778,0.3055555555555556,0.1666666666666666,0.25
1573,0.2857142857142857,0.0,0.6785714285714286,0.2857142857142857,0.3571428571428571,0.3571428571428571
1568,0.3076923076923077,0.3846153846153846,0.5128205128205128,0.282051282051282,0.4358974358974359,0.282051282051282
1441,0.2857142857142857,0.0,0.1428571428571428,0.0714285714285714,0.4285714285714285,0.5
1543,0.2692307692307692,0.0,0.4615384615384615,0.3076923076923077,0.3076923076923077,0.3461538461538461
1443,0.25,0.0,0.5625,0.34375,0.1875,0.4375
1500,0.3108108108108108,0.2162162162162162,0.6216216216216216,0.1621621621621621,0.4324324324324324,0.2432432432432432
1418,0.25,0.4130434782608695,0.4347826086956521,0.2391304347826087,0.4130434782608695,0.2391304347826087
1492,0.1785714285714285,0.0,0.2142857142857142,0.1428571428571428,0.3571428571428571,0.5
1500,0.3918918918918919,0.2972972972972972,0.5945945945945946,0.1621621621621621,0.5675675675675675,0.2432432432432432
1500,0.1842105263157894,0.0,0.2105263157894736,0.2105263157894736,0.3157894736842105,0.4736842105263157
1518,0.2037037037037037,0.0,0.7777777777777778,0.2592592592592592,0.2222222222222222,0.4814814814814814
1486,0.35,0.0,0.2,0.1,0.3,0.6
1584,0.2142857142857142,0.0,0.4,0.2285714285714285,0.4285714285714285,0.3142857142857143
1571,0.2272727272727272,0.0227272727272727,0.75,0.3409090909090909,0.2954545454545454,0.3409090909090909
1577,0.3484848484848485,0.2727272727272727,0.5757575757575758,0.3636363636363636,0.2121212121212121,0.303030303030303
1577,0.3,0.0,0.68,0.2,0.52,0.28
1414,0.2142857142857142,0.5396825396825398,0.3809523809523809,0.1904761904761904,0.1746031746031746,0.2539682539682539
1526,0.4166666666666667,0.1666666666666666,0.5666666666666667,0.2333333333333333,0.4,0.3666666666666666
1583,0.3,0.0,1.0,0.0,0.8,0.2
1503,0.3541666666666667,0.0,0.7083333333333334,0.25,0.3333333333333333,0.4166666666666667
1581,0.275,0.0,0.7,0.2,0.4,0.35
1425,0.2647058823529412,0.0,0.6470588235294118,0.2352941176470588,0.5294117647058824,0.2352941176470588
1424,0.2352941176470588,0.0,0.6470588235294118,0.2352941176470588,0.2058823529411764,0.3823529411764705
1504,0.3035714285714285,0.0,0.7142857142857143,0.3214285714285714,0.3214285714285714,0.3571428571428571
1500,0.2794117647058823,0.0,0.6176470588235294,0.2058823529411764,0.2352941176470588,0.3823529411764705
1400,0.238095238095238,0.0,0.4761904761904761,0.238095238095238,0.2857142857142857,0.4761904761904761
1562,0.2777777777777778,0.2222222222222222,0.6222222222222222,0.3333333333333333,0.2666666666666666,0.3333333333333333
1518,0.2976190476190476,0.2380952380952381,0.6190476190476191,0.238095238095238,0.3333333333333333,0.3095238095238095
1576,0.1842105263157894,0.0,0.5263157894736842,0.1052631578947368,0.4210526315789473,0.4736842105263157
1494,0.3181818181818182,0.0,0.5454545454545454,0.2727272727272727,0.4545454545454545,0.2272727272727272
1567,0.3636363636363636,0.0,0.3636363636363636,0.0,0.5454545454545454,0.4545454545454545
1595,0.2954545454545454,0.3863636363636363,0.3636363636363636,0.1590909090909091,0.2045454545454545,0.3181818181818182
1500,0.2,0.0,0.1,0.0,0.2,0.8
1475,0.2954545454545454,0.0,0.6818181818181818,0.3181818181818182,0.3181818181818182,0.3181818181818182
1596,0.2295081967213114,0.6229508196721312,0.2459016393442623,0.0655737704918032,0.3278688524590163,0.2131147540983606
1404,0.3636363636363636,0.0,0.8181818181818182,0.2272727272727272,0.3636363636363636,0.4090909090909091
1547,0.2708333333333333,0.0,0.375,0.2083333333333333,0.4166666666666667,0.375
1414,0.3636363636363636,0.0,0.6818181818181818,0.1363636363636363,0.2727272727272727,0.4545454545454545
1513,0.375,0.0,0.7,0.25,0.55,0.2
1500,0.3181818181818182,0.0,0.5454545454545454,0.2727272727272727,0.4545454545454545,0.2727272727272727
1427,0.3,0.0,0.4,0.1333333333333333,0.4,0.4
1552,0.2714285714285714,0.0285714285714285,0.6285714285714286,0.2571428571428571,0.2857142857142857,0.2571428571428571
1440,0.2758620689655172,0.0,0.8275862068965517,0.4137931034482758,0.3103448275862069,0.2413793103448276
1590,0.1666666666666666,0.0,1.0,0.25,0.3333333333333333,0.4166666666666667
1558,0.2941176470588235,0.0,0.2941176470588235,0.0,0.5882352941176471,0.4117647058823529
1448,0.2553191489361702,0.2340425531914893,0.4680851063829787,0.2765957446808511,0.3404255319148936,0.2340425531914893
1564,0.3166666666666666,0.0,0.7666666666666667,0.5333333333333333,0.2666666666666666,0.2
1578,0.2297297297297297,0.0,0.6486486486486487,0.1891891891891892,0.2702702702702703,0.2972972972972973
1551,0.2926829268292683,0.1219512195121951,0.5853658536585366,0.3658536585365853,0.2926829268292683,0.2439024390243902
1500,0.2758620689655172,0.0,0.6896551724137931,0.3103448275862069,0.1724137931034483,0.3793103448275862
1492,0.1842105263157894,0.0,0.6578947368421053,0.3947368421052631,0.3684210526315789,0.2105263157894736
1426,0.3333333333333333,0.0,0.6190476190476191,0.0476190476190476,0.3809523809523809,0.3809523809523809
1500,0.3166666666666666,0.0,0.7666666666666667,0.2666666666666666,0.3,0.3333333333333333
1460,0.5,0.0869565217391304,0.6521739130434783,0.2608695652173913,0.391304347826087,0.3043478260869565
1549,0.3783783783783784,0.2702702702702703,0.4864864864864865,0.3243243243243243,0.2972972972972973,0.3243243243243243
1453,0.2033898305084746,0.2542372881355932,0.5932203389830508,0.2372881355932203,0.2033898305084746,0.2372881355932203
1500,0.2692307692307692,0.0,0.6153846153846154,0.3076923076923077,0.4615384615384615,0.2307692307692307
1566,0.35,0.0999999999999999,0.6666666666666666,0.2666666666666666,0.5333333333333333,0.1666666666666666
1403,0.2386363636363636,0.3863636363636363,0.4318181818181818,0.5681818181818182,0.1590909090909091,0.2045454545454545
1500,0.3,0.0,0.3,0.0,0.2,0.8
1429,0.2727272727272727,0.0,0.7878787878787878,0.1515151515151515,0.2424242424242424,0.3939393939393939
1467,0.1176470588235294,0.0,0.2941176470588235,0.1176470588235294,0.4705882352941176,0.4117647058823529
1500,0.2391304347826087,0.0,0.4782608695652174,0.217391304347826,0.3478260869565217,0.391304347826087
1579,0.2291666666666666,0.0,0.5,0.0833333333333333,0.4583333333333333,0.375
1536,0.2068965517241379,0.0,0.5862068965517241,0.2068965517241379,0.4827586206896552,0.3103448275862069
1586,0.2333333333333333,0.0,0.8333333333333334,0.3333333333333333,0.2,0.3666666666666666
1500,0.2205882352941176,0.0,0.7941176470588235,0.3235294117647059,0.2647058823529412,0.3823529411764705
1500,0.2333333333333333,0.0,0.7333333333333333,0.2,0.4333333333333333,0.1333333333333333
1452,0.238095238095238,0.3571428571428571,0.4523809523809524,0.5238095238095238,0.238095238095238,0.1904761904761904
1500,0.1666666666666666,0.0,1.0,0.1111111111111111,0.2777777777777778,0.3333333333333333
1401,0.5909090909090909,0.1363636363636363,0.6818181818181818,0.4545454545454545,0.3181818181818182,0.2272727272727272
1501,0.25,0.0,1.0,0.0,0.5,0.5
1500,0.22,0.0,0.68,0.24,0.48,0.28
1435,0.2741935483870967,0.0,0.7419354838709677,0.1612903225806451,0.4193548387096774,0.3225806451612903
1457,0.3684210526315789,0.1842105263157895,0.5263157894736842,0.3421052631578947,0.2631578947368421,0.3421052631578947
1550,0.5384615384615384,0.0,0.4615384615384615,0.1538461538461538,0.5384615384615384,0.3076923076923077
1453,0.44,0.0799999999999999,0.6,0.2,0.36,0.4
1496,0.1607142857142857,0.0,0.8928571428571429,0.2857142857142857,0.3571428571428571,0.3571428571428571
1547,0.3676470588235294,0.1470588235294118,0.7058823529411765,0.4705882352941176,0.2352941176470588,0.2647058823529412
1493,0.4375,0.0,0.375,0.125,0.625,0.25
1487,0.28,0.0,0.52,0.16,0.44,0.36
1489,0.1818181818181818,0.0,0.3636363636363636,0.0,0.3636363636363636,0.3636363636363636
1480,0.3064516129032258,0.0,0.6451612903225806,0.3870967741935484,0.3870967741935484,0.2258064516129032
1582,0.2121212121212121,0.0,0.7575757575757576,0.2424242424242424,0.4848484848484848,0.2727272727272727
1591,0.5,0.1538461538461538,0.6538461538461539,0.3076923076923077,0.3461538461538461,0.2692307692307692
1470,0.2272727272727272,0.0,0.3636363636363636,0.0909090909090909,0.4545454545454545,0.4545454545454545
1570,0.3571428571428571,0.2857142857142857,0.3142857142857143,0.4,0.3428571428571428,0.2285714285714285
1511,0.0714285714285714,0.0,1.0,0.0714285714285714,0.5,0.4285714285714285
1564,0.1865671641791045,0.3731343283582089,0.4925373134328358,0.1044776119402985,0.1343283582089552,0.1940298507462686
1539,0.2083333333333333,0.0,0.5,0.1666666666666666,0.5416666666666666,0.2916666666666667
1585,0.2777777777777778,0.0,0.7222222222222222,0.0555555555555555,0.3888888888888889,0.5555555555555556
1500,0.2291666666666666,0.0,0.5416666666666666,0.25,0.375,0.2916666666666667
1539,0.2704918032786885,0.4918032786885246,0.2622950819672131,0.3770491803278688,0.2459016393442623,0.3278688524590163
1550,0.2222222222222222,0.0,0.1111111111111111,0.0,0.5555555555555556,0.4444444444444444
1414,0.1538461538461538,0.0,0.3461538461538461,0.2692307692307692,0.1923076923076923,0.5384615384615384
1576,0.125,0.0,0.1875,0.0,0.4375,0.5625
1421,0.25,0.0,0.6666666666666666,0.2,0.3,0.4333333333333333
1488,0.2333333333333333,0.0,0.5666666666666667,0.2,0.4666666666666667,0.3
1425,0.3333333333333333,0.0,0.6666666666666666,0.0555555555555555,0.5,0.3333333333333333
1518,0.3571428571428571,0.0,0.6666666666666666,0.3809523809523809,0.3333333333333333,0.2857142857142857
1455,0.1428571428571428,0.0,1.0,0.1428571428571428,0.4285714285714285,0.4285714285714285
1445,0.4,0.0,0.6666666666666666,0.2666666666666666,0.6,0.1333333333333333
1519,0.3529411764705882,0.0,0.5882352941176471,0.1176470588235294,0.3529411764705882,0.3529411764705882
1459,0.2333333333333333,0.1999999999999999,0.5777777777777777,0.3111111111111111,0.1777777777777777,0.2
1473,0.1710526315789473,0.3552631578947368,0.5526315789473685,0.131578947368421,0.3289473684210526,0.1710526315789473
1500,0.25,0.0,0.6818181818181818,0.2272727272727272,0.3636363636363636,0.3636363636363636
1501,0.3571428571428571,0.1785714285714286,0.5357142857142857,0.2857142857142857,0.4642857142857143,0.25
1414,0.1935483870967742,0.532258064516129,0.3709677419354839,0.0967741935483871,0.3709677419354839,0.2419354838709677
1586,0.25,0.5,0.3484848484848485,0.2121212121212121,0.3636363636363636,0.3484848484848485
1412,0.3333333333333333,0.3939393939393939,0.4242424242424242,0.1818181818181818,0.3333333333333333,0.4242424242424242
1424,0.3846153846153846,0.0,0.6153846153846154,0.1538461538461538,0.3846153846153846,0.4615384615384615
1587,0.3,0.0,0.6,0.2333333333333333,0.3,0.3
1559,0.2647058823529412,0.3921568627450981,0.3333333333333333,0.2549019607843137,0.4313725490196078,0.2156862745098039
1473,0.1304347826086956,0.0,0.6086956521739131,0.2608695652173913,0.4347826086956521,0.2608695652173913
1504,0.3518518518518518,0.1851851851851852,0.5185185185185185,0.3333333333333333,0.3703703703703703,0.2962962962962963
1461,0.2666666666666666,0.55,0.35,0.3333333333333333,0.2,0.3
1501,0.2222222222222222,0.0,1.0,0.1111111111111111,0.3333333333333333,0.5555555555555556
1491,0.2291666666666666,0.0,0.5833333333333334,0.125,0.375,0.4166666666666667
1427,0.3125,0.0,0.375,0.0,0.375,0.375
1494,0.4130434782608695,0.0,0.7391304347826086,0.217391304347826,0.3478260869565217,0.3478260869565217
1531,0.2372881355932203,0.5593220338983051,0.3728813559322034,0.2203389830508474,0.2542372881355932,0.3389830508474576
1595,0.3157894736842105,0.2894736842105263,0.5789473684210527,0.4473684210526316,0.2894736842105263,0.2105263157894736
1406,0.2962962962962963,0.0,0.6666666666666666,0.1851851851851851,0.4444444444444444,0.3333333333333333
1586,0.2368421052631578,0.0,0.7368421052631579,0.1052631578947368,0.5263157894736842,0.3684210526315789
1552,0.265625,0.375,0.4375,0.234375,0.296875,0.328125
1400,0.1538461538461538,0.0,0.4615384615384615,0.2307692307692307,0.3461538461538461,0.3846153846153846
1527,0.2903225806451613,0.0,0.8387096774193549,0.1935483870967742,0.3870967741935484,0.2258064516129032
1560,0.25,0.175,0.7,0.2,0.25,0.325
1573,0.2321428571428571,0.4464285714285714,0.4285714285714285,0.2321428571428571,0.2857142857142857,0.3392857142857143
1458,0.2555555555555555,0.4444444444444444,0.3555555555555555,0.2888888888888888,0.3111111111111111,0.3111111111111111
1417,0.2631578947368421,0.0,0.631578947368421,0.1578947368421052,0.3157894736842105,0.2631578947368421
1437,0.2272727272727272,0.0,0.7727272727272727,0.3636363636363636,0.3181818181818182,0.3181818181818182
1403,0.2941176470588235,0.0,0.8235294117647058,0.2058823529411764,0.2647058823529412,0.2647058823529412
1500,0.0,0.0,1.0,0.0,0.0,1.0
1540,0.1956521739130435,0.0,0.217391304347826,0.0869565217391304,0.4782608695652174,0.4347826086956521
1556,0.5227272727272727,0.1818181818181817,0.5454545454545454,0.2272727272727272,0.5,0.1818181818181818
1588,0.2368421052631578,0.0,0.5789473684210527,0.2105263157894736,0.3157894736842105,0.4736842105263157
1582,0.4302325581395348,0.4651162790697675,0.3953488372093023,0.3488372093023256,0.4883720930232558,0.1627906976744186
1575,0.2230769230769231,0.4461538461538461,0.4923076923076923,0.4,0.1076923076923077,0.2307692307692307
1496,0.2301587301587301,0.5396825396825398,0.365079365079365,0.3174603174603174,0.3492063492063492,0.0634920634920634
1522,0.2678571428571428,0.0,0.75,0.2857142857142857,0.3928571428571428,0.3214285714285714
1500,0.1842105263157894,0.5263157894736843,0.4078947368421052,0.1973684210526315,0.1973684210526315,0.2236842105263158
1480,0.359375,0.0625,0.84375,0.15625,0.46875,0.375
1597,0.2307692307692307,0.0,0.2692307692307692,0.3461538461538461,0.4230769230769231,0.1923076923076923
1548,0.31,0.28,0.5,0.42,0.2,0.36
1555,0.3333333333333333,0.3333333333333333,0.4761904761904761,0.5,0.1428571428571428,0.2619047619047619
1574,0.2727272727272727,0.0,0.5454545454545454,0.3636363636363636,0.1818181818181818,0.3181818181818182
1449,0.25,0.0,0.2272727272727272,0.1363636363636363,0.5,0.3636363636363636
1552,0.3928571428571428,0.1071428571428571,0.6785714285714286,0.2142857142857142,0.3571428571428571,0.25
1500,0.3142857142857143,0.0857142857142857,0.7142857142857143,0.4285714285714285,0.2,0.3428571428571428
1530,0.2916666666666667,0.0,0.6666666666666666,0.375,0.2916666666666667,0.3333333333333333
1590,0.1875,0.46875,0.4375,0.0625,0.453125,0.296875
1532,0.275,0.0,0.65,0.25,0.4,0.35
1444,0.3478260869565217,0.0,0.4347826086956521,0.391304347826087,0.3478260869565217,0.2608695652173913
1589,0.3653846153846153,0.0,0.5769230769230769,0.3076923076923077,0.3461538461538461,0.3461538461538461
1466,0.1428571428571428,0.0,0.5714285714285714,0.0,0.3571428571428571,0.6428571428571429
1412,0.2592592592592592,0.5,0.3888888888888889,0.4814814814814814,0.2777777777777778,0.2037037037037037
1526,0.3088235294117647,0.1764705882352941,0.6176470588235294,0.2352941176470588,0.4411764705882353,0.2352941176470588
1500,0.425,0.0,0.65,0.15,0.45,0.35
1415,0.2980769230769231,0.3653846153846154,0.4230769230769231,0.3653846153846153,0.2692307692307692,0.2307692307692307
1545,0.3235294117647059,0.0,0.7647058823529411,0.0,0.4117647058823529,0.3529411764705882
1505,0.34,0.0,0.52,0.2,0.4,0.4
1435,0.3695652173913043,0.0,0.6521739130434783,0.0434782608695652,0.5217391304347826,0.3043478260869565
1531,0.3214285714285714,0.0,0.8571428571428571,0.3571428571428571,0.2857142857142857,0.3571428571428571
1488,0.2833333333333333,0.0,0.7666666666666667,0.3333333333333333,0.3,0.3333333333333333
1595,0.3571428571428571,0.0,0.6666666666666666,0.1904761904761904,0.5714285714285714,0.238095238095238
1493,0.2884615384615384,0.0,0.5384615384615384,0.2307692307692307,0.3846153846153846,0.3461538461538461
1562,0.3947368421052631,0.0,0.3157894736842105,0.1052631578947368,0.5263157894736842,0.3157894736842105
1554,0.3787878787878788,0.3636363636363636,0.4242424242424242,0.3636363636363636,0.3636363636363636,0.2121212121212121
1521,0.2592592592592592,0.0,0.6296296296296297,0.074074074074074,0.4814814814814814,0.3333333333333333
1514,0.35,0.0333333333333333,0.7,0.3333333333333333,0.3,0.3666666666666666
1500,0.34375,0.0,0.625,0.125,0.4375,0.25
1412,0.0,0.0,1.0,0.0,0.0,1.0
1502,0.3113207547169811,0.339622641509434,0.4716981132075472,0.3962264150943396,0.2264150943396226,0.2641509433962264
1501,0.2790697674418604,0.2790697674418605,0.5348837209302325,0.2558139534883721,0.2790697674418604,0.2558139534883721
1409,0.2352941176470588,0.0,0.7352941176470589,0.2941176470588235,0.3529411764705882,0.2941176470588235
1500,0.3,0.0,0.3333333333333333,0.1333333333333333,0.4,0.4666666666666667
1500,0.3,0.0,0.3,0.1,0.5,0.4
1535,0.1463414634146341,0.0,0.7317073170731707,0.4146341463414634,0.2439024390243902,0.3170731707317073
1501,0.1597938144329896,0.6494845360824743,0.1855670103092783,0.3505154639175257,0.2371134020618556,0.1649484536082474
1521,0.2857142857142857,0.0285714285714285,0.6285714285714286,0.3142857142857143,0.3714285714285714,0.3142857142857143
1541,0.2916666666666667,0.0,0.625,0.1666666666666666,0.3333333333333333,0.2916666666666667
1528,0.2571428571428571,0.1142857142857143,0.6857142857142857,0.4,0.1714285714285714,0.4
1429,0.45,0.0,0.6,0.0,0.6,0.4
1579,0.2884615384615384,0.5576923076923077,0.3269230769230769,0.2307692307692307,0.2307692307692307,0.3461538461538461
1502,0.202127659574468,0.0,0.851063829787234,0.3191489361702128,0.3404255319148936,0.2553191489361702
1465,0.328125,0.125,0.46875,0.40625,0.34375,0.25
1506,0.35,0.0,0.5,0.25,0.45,0.3
1547,0.3064516129032258,0.1290322580645161,0.6451612903225806,0.5483870967741935,0.2580645161290322,0.1935483870967742
1432,0.3103448275862069,0.0,0.7931034482758621,0.1034482758620689,0.5862068965517241,0.3103448275862069
1558,0.375,0.0,0.625,0.2916666666666667,0.375,0.3333333333333333
1430,0.2068965517241379,0.0,0.3793103448275862,0.2413793103448276,0.3103448275862069,0.4482758620689655
1467,0.4583333333333333,0.3333333333333333,0.4444444444444444,0.3611111111111111,0.3611111111111111,0.2222222222222222
1507,0.3636363636363636,0.0,0.2727272727272727,0.2727272727272727,0.2727272727272727,0.4545454545454545
1585,0.2666666666666666,0.0,0.3333333333333333,0.2,0.3333333333333333,0.4666666666666667
1500,0.4358974358974359,0.4358974358974359,0.3076923076923077,0.2051282051282051,0.4102564102564102,0.2564102564102564
1491,0.25,0.0,0.5625,0.21875,0.4375,0.28125
1447,0.3333333333333333,0.0,0.7222222222222222,0.2222222222222222,0.5,0.2777777777777778
1411,0.3095238095238095,0.2142857142857143,0.6428571428571429,0.1904761904761904,0.4285714285714285,0.3333333333333333
1500,0.2777777777777778,0.0,0.4444444444444444,0.1111111111111111,0.3333333333333333,0.5555555555555556
1523,0.2368421052631578,0.0,0.8421052631578947,0.1842105263157894,0.3421052631578947,0.4210526315789473
1589,0.2083333333333333,0.35,0.5,0.5333333333333333,0.2333333333333333,0.1833333333333333
1436,0.2068965517241379,0.0,0.4137931034482758,0.2413793103448276,0.4137931034482758,0.2068965517241379
1577,0.2571428571428571,0.0571428571428571,0.7428571428571429,0.2571428571428571,0.2571428571428571,0.3142857142857143
1559,0.2878787878787879,0.0,0.7878787878787878,0.2727272727272727,0.2424242424242424,0.3333333333333333
1500,0.25,0.0,1.0,0.0,0.5,0.5
1478,0.3125,0.15625,0.5625,0.09375,0.5,0.28125
1533,0.28125,0.0,0.5,0.0625,0.5,0.375
1481,0.2159090909090909,0.0909090909090909,0.5909090909090909,0.1818181818181818,0.2727272727272727,0.3409090909090909
1510,0.25,0.0,0.75,0.15,0.3,0.5
1566,0.2954545454545454,0.0,0.4545454545454545,0.2272727272727272,0.3636363636363636,0.4090909090909091
1513,0.1818181818181818,0.0,0.6363636363636364,0.3636363636363636,0.1818181818181818,0.4545454545454545
1500,0.4166666666666667,0.0,0.5,0.1666666666666666,0.25,0.5833333333333334
1487,0.3846153846153846,0.1538461538461538,0.6410256410256411,0.3846153846153846,0.3076923076923077,0.282051282051282
1536,0.25,0.6612903225806452,0.1290322580645161,0.1935483870967742,0.3870967741935484,0.2419354838709677
1541,0.2321428571428571,0.0,0.5714285714285714,0.3928571428571428,0.3928571428571428,0.1785714285714285
1591,0.2142857142857142,0.0,0.4285714285714285,0.0714285714285714,0.5,0.4285714285714285
1408,0.2450980392156862,0.4313725490196078,0.392156862745098,0.2156862745098039,0.2156862745098039,0.2549019607843137
1505,0.3166666666666666,0.0,0.6666666666666666,0.2666666666666666,0.4,0.3333333333333333
1588,0.1442307692307692,0.0,0.9230769230769232,0.3269230769230769,0.2884615384615384,0.3076923076923077
1592,0.325,0.0,0.6,0.15,0.6,0.2
1404,0.3214285714285714,0.5238095238095238,0.3571428571428571,0.2857142857142857,0.2142857142857142,0.2857142857142857
1414,0.3333333333333333,0.0,0.5555555555555556,0.0555555555555555,0.3888888888888889,0.5555555555555556
1566,0.1969696969696969,0.0,0.6666666666666666,0.2727272727272727,0.3939393939393939,0.3333333333333333
1504,0.2068965517241379,0.2068965517241379,0.6379310344827587,0.3103448275862069,0.2241379310344827,0.1724137931034483
1539,0.2203389830508474,0.2711864406779661,0.3559322033898305,0.0847457627118644,0.3898305084745763,0.2711864406779661
1500,0.3653846153846153,0.0,0.4230769230769231,0.2307692307692307,0.5,0.2692307692307692
1400,0.3863636363636363,0.0,0.7727272727272727,0.2727272727272727,0.4090909090909091,0.2272727272727272
1488,0.296875,0.09375,0.59375,0.21875,0.34375,0.375
1500,0.21875,0.0,0.25,0.0625,0.375,0.5625
1542,0.4021739130434782,0.4565217391304348,0.3260869565217391,0.5,0.217391304347826,0.2826086956521739
1536,0.2272727272727272,0.0,0.1818181818181818,0.2727272727272727,0.1818181818181818,0.5454545454545454
1480,0.1388888888888889,0.0,0.1111111111111111,0.2222222222222222,0.5,0.2777777777777778
1537,0.1578947368421052,0.0,0.5263157894736842,0.0526315789473684,0.4210526315789473,0.4736842105263157
1500,0.3088235294117647,0.2352941176470588,0.5,0.3529411764705882,0.4117647058823529,0.2058823529411764
1593,0.21,0.0,0.64,0.2,0.38,0.3
1569,0.4827586206896552,0.2758620689655172,0.5172413793103449,0.1034482758620689,0.5517241379310345,0.3103448275862069
1516,0.0,0.0,1.0,0.0,0.0,1.0
1492,0.28,0.0,0.52,0.24,0.28,0.48
1473,0.2857142857142857,0.0,0.6190476190476191,0.1904761904761904,0.3333333333333333,0.238095238095238
1555,0.3529411764705882,0.2941176470588235,0.4117647058823529,0.2058823529411764,0.3823529411764705,0.2941176470588235
1517,0.1153846153846153,0.0,0.3846153846153846,0.1538461538461538,0.3076923076923077,0.5
1598,0.5434782608695652,0.0869565217391304,0.6521739130434783,0.4347826086956521,0.2608695652173913,0.3043478260869565
1504,0.21875,0.0,0.4375,0.25,0.5,0.25
1500,0.2096774193548387,0.0,0.4838709677419355,0.2903225806451613,0.1935483870967742,0.3548387096774194
1597,0.2575757575757575,0.0,0.8484848484848485,0.3333333333333333,0.4545454545454545,0.1818181818181818
1589,0.2571428571428571,0.0285714285714285,0.6857142857142857,0.1714285714285714,0.4571428571428571,0.3142857142857143
1485,0.2625,0.3249999999999999,0.55,0.2,0.275,0.35
1561,0.2727272727272727,0.0,0.4848484848484848,0.2727272727272727,0.2121212121212121,0.5151515151515151
1446,0.4166666666666667,0.3055555555555556,0.5,0.3333333333333333,0.2777777777777778,0.3888888888888889
1436,0.3,0.0,0.72,0.24,0.4,0.28
1504,0.3378378378378378,0.2702702702702703,0.4594594594594595,0.1351351351351351,0.5135135135135135,0.2972972972972973
1493,0.2333333333333333,0.0,0.2666666666666666,0.2666666666666666,0.2666666666666666,0.4666666666666667
1544,0.3225806451612903,0.1935483870967742,0.5483870967741935,0.1612903225806451,0.4516129032258064,0.2903225806451613
1500,0.1875,0.0,0.6,0.2,0.375,0.3
1521,0.2083333333333333,0.0,0.1666666666666666,0.0833333333333333,0.3333333333333333,0.5833333333333334
1466,0.1428571428571428,0.0,0.5714285714285714,0.0,0.3571428571428571,0.6428571428571429
1500,0.4565217391304347,0.0869565217391304,0.5652173913043478,0.3043478260869565,0.3478260869565217,0.3478260869565217
1409,0.0833333333333333,0.0,1.0,0.5,0.1666666666666666,0.3333333333333333
1431,0.1578947368421052,0.0,0.2105263157894736,0.1052631578947368,0.2631578947368421,0.631578947368421
1508,0.34375,0.0,0.625,0.1875,0.375,0.4375
1483,0.3,0.0,1.0,0.0,0.2,0.8
1495,0.1883116883116883,0.6623376623376623,0.2337662337662337,0.1038961038961039,0.1688311688311688,0.1948051948051948
1526,0.1785714285714285,0.0,0.2142857142857142,0.0714285714285714,0.4285714285714285,0.5
1576,0.24,0.0,0.52,0.2,0.44,0.36
1597,0.35,0.0,0.4,0.1,0.35,0.55
1442,0.2567567567567567,0.081081081081081,0.6756756756756757,0.4594594594594595,0.2432432432432432,0.2702702702702703
1514,0.3571428571428571,0.0,0.2857142857142857,0.4285714285714285,0.2857142857142857,0.2857142857142857
1500,0.1935483870967742,0.0,0.6774193548387096,0.1935483870967742,0.4193548387096774,0.3225806451612903
1460,0.2549019607843137,0.3921568627450981,0.4901960784313725,0.0980392156862745,0.2156862745098039,0.2549019607843137
1432,0.2727272727272727,0.0,0.5454545454545454,0.2727272727272727,0.5454545454545454,0.1818181818181818
1500,0.2727272727272727,0.2727272727272727,0.4848484848484848,0.3333333333333333,0.4545454545454545,0.2121212121212121
1549,0.2142857142857142,0.0,0.6,0.3428571428571428,0.2571428571428571,0.3714285714285714
1536,0.25,0.0,0.375,0.375,0.25,0.375
1500,0.2954545454545454,0.0,0.7727272727272727,0.3181818181818182,0.3181818181818182,0.3636363636363636
1562,0.2222222222222222,0.0,0.4444444444444444,0.3333333333333333,0.3888888888888889,0.1666666666666666
1567,0.2272727272727272,0.2727272727272727,0.5681818181818182,0.2045454545454545,0.3863636363636363,0.2727272727272727
1500,0.2916666666666667,0.0,0.625,0.125,0.2916666666666667,0.4166666666666667
1512,0.2391304347826087,0.1521739130434782,0.6739130434782609,0.5,0.3043478260869565,0.0869565217391304
1599,0.1666666666666666,0.0,1.0,0.0,0.6666666666666666,0.3333333333333333
1563,0.0714285714285714,0.0,1.0,0.1428571428571428,0.4285714285714285,0.4285714285714285
1412,0.1351351351351351,0.2162162162162162,0.6891891891891891,0.1351351351351351,0.5135135135135135,0.1351351351351351
1410,0.4090909090909091,0.0,0.5454545454545454,0.0909090909090909,0.6363636363636364,0.1818181818181818
1466,0.4,0.0,0.4,0.0,0.6,0.4
1500,0.2941176470588235,0.0,0.5882352941176471,0.3529411764705882,0.1764705882352941,0.4705882352941176
1465,0.2142857142857142,0.2244897959183673,0.6122448979591837,0.4081632653061224,0.2244897959183673,0.2448979591836734
1545,0.25,0.0,0.1,0.2,0.3,0.5
1456,0.2592592592592592,0.0,0.7407407407407407,0.2592592592592592,0.3333333333333333,0.2592592592592592
1418,0.2045454545454545,0.0,0.4090909090909091,0.1363636363636363,0.3636363636363636,0.2727272727272727
1465,0.2619047619047619,0.3571428571428571,0.3571428571428571,0.3809523809523809,0.238095238095238,0.2619047619047619
1446,0.2166666666666666,0.0,0.7,0.3666666666666666,0.3666666666666666,0.2333333333333333
1489,0.3260869565217391,0.0,0.6086956521739131,0.217391304347826,0.3478260869565217,0.391304347826087
1417,0.1826923076923076,0.3461538461538461,0.5,0.4615384615384615,0.2692307692307692,0.1538461538461538
1484,0.2340425531914893,0.1063829787234043,0.4680851063829787,0.3617021276595745,0.3829787234042553,0.2553191489361702
1581,0.3181818181818182,0.0,0.1818181818181818,0.0909090909090909,0.3636363636363636,0.5454545454545454
1537,0.2826086956521739,0.0,0.5217391304347826,0.391304347826087,0.2608695652173913,0.3478260869565217
1500,0.1538461538461538,0.0,0.1538461538461538,0.1538461538461538,0.3846153846153846,0.4615384615384615
1582,0.2058823529411764,0.4705882352941176,0.4117647058823529,0.2794117647058823,0.1176470588235294,0.2058823529411764
1431,0.3387096774193548,0.0,0.7741935483870968,0.3548387096774194,0.2258064516129032,0.2580645161290322
1456,0.3461538461538461,0.0,0.6153846153846154,0.0,0.4615384615384615,0.2307692307692307
1432,0.375,0.35,0.4,0.275,0.25,0.35
1501,0.25,0.4166666666666666,0.3333333333333333,0.35,0.3166666666666666,0.2333333333333333
1477,0.1935483870967742,0.5806451612903225,0.2741935483870967,0.3870967741935484,0.1290322580645161,0.1451612903225806
1550,0.2391304347826087,0.0,0.5652173913043478,0.0869565217391304,0.5652173913043478,0.3043478260869565
1441,0.2647058823529412,0.0,0.8823529411764706,0.4411764705882353,0.2647058823529412,0.2941176470588235
1403,0.25,0.0,0.5,0.25,0.45,0.3
1549,0.2857142857142857,0.0,0.5714285714285714,0.1428571428571428,0.5,0.3571428571428571
1400,0.4,0.0,0.4,0.25,0.35,0.4
1515,0.2452830188679245,0.5849056603773585,0.2641509433962264,0.1320754716981132,0.3018867924528302,0.2452830188679245
1418,0.32,0.0,0.6,0.24,0.56,0.2
1537,0.4464285714285714,0.2142857142857143,0.6071428571428571,0.3571428571428571,0.3571428571428571,0.25
1565,0.2962962962962963,0.0,0.6296296296296297,0.3333333333333333,0.3333333333333333,0.2962962962962963
1430,0.2962962962962963,0.0,0.7777777777777778,0.2222222222222222,0.4444444444444444,0.2962962962962963
1559,0.275,0.0,0.5,0.35,0.4,0.2
1548,0.25,0.3,0.54,0.38,0.28,0.3
1422,0.3333333333333333,0.0,0.75,0.0833333333333333,0.5,0.4166666666666667
1426,0.2894736842105263,0.0,0.7894736842105263,0.0526315789473684,0.5263157894736842,0.4210526315789473
1493,0.3717948717948718,0.282051282051282,0.5128205128205128,0.3333333333333333,0.3333333333333333,0.3333333333333333
1575,0.1,0.0,1.0,0.2,0.4,0.4
1561,0.2272727272727272,0.0,0.6666666666666666,0.2727272727272727,0.303030303030303,0.303030303030303
1540,0.225,0.0,0.6,0.15,0.45,0.4
1500,0.2666666666666666,0.0,0.4333333333333333,0.3,0.3333333333333333,0.2333333333333333
1500,0.2142857142857142,0.0,0.1428571428571428,0.2142857142857142,0.4285714285714285,0.3571428571428571
1548,0.25,0.0,0.5454545454545454,0.2272727272727272,0.3636363636363636,0.4090909090909091
1514,0.246031746031746,0.6349206349206349,0.1746031746031746,0.2063492063492063,0.2698412698412698,0.2698412698412698
1513,0.0666666666666666,0.0,1.0,0.0,0.8,0.2
1401,0.4375,0.0,0.25,0.125,0.25,0.5
1595,0.2368421052631578,0.0,0.3684210526315789,0.2631578947368421,0.4736842105263157,0.2631578947368421
1511,0.2195121951219512,0.0,0.7073170731707317,0.2682926829268293,0.2926829268292683,0.3414634146341463
1495,0.2,0.0,0.5428571428571428,0.2285714285714285,0.3428571428571428,0.3142857142857143
1466,0.3295454545454545,0.3636363636363636,0.4772727272727273,0.1590909090909091,0.4545454545454545,0.3409090909090909
1547,0.4117647058823529,0.0,0.5882352941176471,0.1764705882352941,0.4117647058823529,0.2941176470588235
1500,0.3,0.0,0.6666666666666666,0.1333333333333333,0.6666666666666666,0.2
1400,0.3863636363636363,0.0,0.6363636363636364,0.1363636363636363,0.4090909090909091,0.4545454545454545
1500,0.25,0.0,0.6785714285714286,0.2857142857142857,0.3214285714285714,0.3214285714285714
1505,0.2857142857142857,0.1999999999999999,0.6285714285714286,0.2,0.3428571428571428,0.3428571428571428
1575,0.1953125,0.46875,0.296875,0.4375,0.21875,0.234375
1434,0.2818181818181818,0.4181818181818182,0.4545454545454545,0.4,0.3272727272727272,0.2363636363636363
1485,0.18125,0.6125,0.2125,0.1375,0.2875,0.2375
1509,0.4615384615384615,0.1153846153846154,0.6538461538461539,0.5,0.2307692307692307,0.2692307692307692
1594,0.2127659574468085,0.2553191489361702,0.425531914893617,0.2553191489361702,0.2978723404255319,0.2765957446808511
1533,0.2142857142857142,0.0,0.6071428571428571,0.0,0.5,0.5
1522,0.2631578947368421,0.0,0.631578947368421,0.1578947368421052,0.4210526315789473,0.3684210526315789
1449,0.2375,0.3,0.55,0.25,0.275,0.375
1425,0.3,0.0,0.5,0.3,0.45,0.25
1491,0.3484848484848485,0.1818181818181817,0.4242424242424242,0.2727272727272727,0.3939393939393939,0.303030303030303
1410,0.2368421052631578,0.0,0.2631578947368421,0.0,0.3684210526315789,0.5789473684210527
1496,0.1153846153846153,0.0,0.3846153846153846,0.2564102564102564,0.358974358974359,0.358974358974359
1550,0.1666666666666666,0.0,0.0833333333333333,0.0,0.3333333333333333,0.6666666666666666
1469,0.3,0.0,0.5666666666666667,0.5333333333333333,0.3333333333333333,0.1333333333333333
1458,0.175,0.0,0.525,0.125,0.4,0.45
1470,0.2777777777777778,0.0,0.2222222222222222,0.2222222222222222,0.3333333333333333,0.4444444444444444
1542,0.3382352941176471,0.2352941176470588,0.5882352941176471,0.2941176470588235,0.4411764705882353,0.2058823529411764
1441,0.1192307692307692,0.6923076923076923,0.1692307692307692,0.3076923076923077,0.2153846153846154,0.1307692307692307
1514,0.2631578947368421,0.5087719298245614,0.2982456140350877,0.4561403508771929,0.2105263157894736,0.1929824561403508
1494,0.1594202898550724,0.3478260869565217,0.5797101449275363,0.4057971014492754,0.217391304347826,0.2753623188405797
1414,0.325,0.0,0.55,0.3,0.3,0.4
1577,0.25,0.4399999999999999,0.34,0.22,0.4,0.26
1530,0.2413793103448276,0.0,0.6206896551724138,0.2758620689655172,0.4137931034482758,0.3103448275862069
1500,0.296875,0.1875,0.5625,0.5,0.21875,0.21875
1533,0.2608695652173913,0.0,0.6521739130434783,0.1739130434782608,0.4782608695652174,0.3478260869565217
1588,0.375,0.0,0.8125,0.0625,0.625,0.25
1500,0.0,0.0,1.0,0.4,0.0,0.6
1405,0.2386363636363636,0.2272727272727273,0.4545454545454545,0.25,0.2954545454545454,0.3181818181818182
1565,0.22,0.0,0.32,0.12,0.44,0.44
1565,0.3137254901960784,0.4705882352941176,0.4313725490196078,0.4117647058823529,0.2941176470588235,0.2941176470588235
1532,0.2884615384615384,0.0,0.5384615384615384,0.2307692307692307,0.3846153846153846,0.3846153846153846
1542,0.3076923076923077,0.0,0.6153846153846154,0.1538461538461538,0.6923076923076923,0.1538461538461538
1536,0.25,0.0,0.5769230769230769,0.2307692307692307,0.2692307692307692,0.4615384615384615
1492,0.3529411764705882,0.0,0.2941176470588235,0.1176470588235294,0.5294117647058824,0.3529411764705882
1500,0.375,0.0,0.625,0.1875,0.25,0.5
1460,0.1666666666666666,0.7471264367816092,0.160919540229885,0.2873563218390804,0.1149425287356321,0.1379310344827586
1429,0.4210526315789473,0.0,0.5263157894736842,0.1052631578947368,0.631578947368421,0.2631578947368421
1544,0.25,0.0,0.6666666666666666,0.4166666666666667,0.3333333333333333,0.25
1561,0.4166666666666667,0.0,0.6111111111111112,0.2222222222222222,0.5,0.2222222222222222
1497,0.25,0.0,0.4090909090909091,0.3181818181818182,0.4545454545454545,0.2272727272727272
1500,0.25,0.0,0.7,0.2,0.3333333333333333,0.2
1434,0.2093023255813953,0.6627906976744187,0.2790697674418604,0.5581395348837209,0.1395348837209302,0.3023255813953488
1453,0.4615384615384615,0.0,0.4615384615384615,0.1538461538461538,0.4615384615384615,0.3846153846153846
1481,0.330188679245283,0.3584905660377359,0.4150943396226415,0.2641509433962264,0.3962264150943396,0.2641509433962264
1403,0.203125,0.0,0.71875,0.28125,0.375,0.21875
1566,0.2424242424242424,0.0,0.5757575757575758,0.2727272727272727,0.3939393939393939,0.2727272727272727
1434,0.3928571428571428,0.4047619047619047,0.4285714285714285,0.4761904761904761,0.2619047619047619,0.2142857142857142
1590,0.3125,0.0,0.6875,0.1875,0.25,0.5
1477,0.1935483870967742,0.0,0.5483870967741935,0.2258064516129032,0.3548387096774194,0.3870967741935484
1447,0.1494845360824742,0.6082474226804124,0.2371134020618556,0.134020618556701,0.4536082474226804,0.1752577319587628
1458,0.1818181818181818,0.0,0.5454545454545454,0.1818181818181818,0.3636363636363636,0.4545454545454545
1570,0.2777777777777778,0.0,0.5,0.1111111111111111,0.6111111111111112,0.2222222222222222
1402,0.2066666666666666,0.6133333333333333,0.2666666666666666,0.1866666666666666,0.3733333333333333,0.2666666666666666
1578,0.2777777777777778,0.0,0.5,0.1111111111111111,0.6111111111111112,0.2222222222222222
1449,0.4677419354838709,0.4516129032258065,0.4193548387096774,0.2258064516129032,0.4838709677419355,0.2580645161290322
1587,0.4375,0.0,0.375,0.125,0.625,0.25
1400,0.3070175438596491,0.4912280701754385,0.3157894736842105,0.3859649122807017,0.2807017543859649,0.3157894736842105
1417,0.1333333333333333,0.0,0.3666666666666666,0.2,0.2666666666666666,0.4666666666666667
1467,0.325,0.0,0.45,0.2,0.3,0.5
1522,0.3125,0.0,0.5625,0.375,0.25,0.375
1545,0.2777777777777778,0.0,0.4444444444444444,0.1111111111111111,0.4444444444444444,0.4444444444444444
1400,0.2857142857142857,0.0,0.4642857142857143,0.1071428571428571,0.5,0.3928571428571428
1541,0.1875,0.0,0.75,0.125,0.375,0.375
1573,0.3793103448275862,0.0344827586206896,0.5517241379310345,0.1724137931034483,0.5172413793103449,0.2758620689655172
1576,0.2058823529411764,0.0,0.6470588235294118,0.1176470588235294,0.4705882352941176,0.4117647058823529
1580,0.3333333333333333,0.0,0.5555555555555556,0.2222222222222222,0.3333333333333333,0.4444444444444444
1500,0.3269230769230769,0.0,0.8076923076923077,0.3846153846153846,0.1153846153846153,0.3846153846153846
1500,0.3,0.0,1.0,0.0,0.4,0.6
1533,0.21875,0.0,0.125,0.0625,0.5,0.4375
1537,0.2058823529411764,0.3529411764705882,0.4411764705882353,0.1911764705882352,0.3235294117647059,0.2205882352941176
1410,0.21875,0.0,0.6875,0.0625,0.1875,0.75
1502,0.2727272727272727,0.4181818181818182,0.4727272727272727,0.4363636363636363,0.1454545454545454,0.2545454545454545
1500,0.2631578947368421,0.0,0.4210526315789473,0.0526315789473684,0.4210526315789473,0.5263157894736842
1588,0.2962962962962963,0.0,0.6666666666666666,0.2962962962962963,0.3703703703703703,0.2592592592592592
1413,0.2692307692307692,0.2564102564102564,0.5641025641025641,0.5128205128205128,0.1794871794871795,0.282051282051282
1556,0.2407407407407407,0.0,0.7407407407407407,0.2962962962962963,0.4444444444444444,0.2592592592592592
1490,0.2738095238095238,0.3809523809523809,0.4047619047619047,0.2142857142857142,0.2619047619047619,0.238095238095238
1548,0.2702702702702703,0.1081081081081081,0.7027027027027027,0.2702702702702703,0.4324324324324324,0.2432432432432432
1543,0.2916666666666667,0.5666666666666667,0.25,0.5,0.2,0.2166666666666666
1533,0.0,0.0,1.0,0.0,0.0,1.0
1537,0.1727272727272727,0.1272727272727273,0.7272727272727273,0.6,0.1454545454545454,0.2181818181818181
1554,0.1,0.0,1.0,0.0,0.4,0.6
1463,0.3,0.0,0.68,0.12,0.32,0.48
1505,0.2,0.0,1.0,0.1,0.4,0.5
1475,0.2608695652173913,0.0,0.4347826086956521,0.1304347826086956,0.5652173913043478,0.3043478260869565
1441,0.2972972972972973,0.4054054054054054,0.4324324324324324,0.2702702702702703,0.2972972972972973,0.2972972972972973
1500,0.1607142857142857,0.0,0.6071428571428571,0.1785714285714285,0.4285714285714285,0.3571428571428571
1487,0.3043478260869565,0.0,0.6086956521739131,0.2608695652173913,0.2608695652173913,0.4347826086956521
1547,0.2777777777777778,0.0,0.8148148148148148,0.3333333333333333,0.3703703703703703,0.2962962962962963
1500,0.2352941176470588,0.0,0.4117647058823529,0.2352941176470588,0.3529411764705882,0.2352941176470588
1474,0.2352941176470588,0.0,0.5294117647058824,0.2941176470588235,0.2352941176470588,0.4705882352941176
1500,0.34,0.0,0.6,0.08,0.52,0.4
1472,0.2727272727272727,0.4909090909090909,0.4181818181818181,0.3454545454545454,0.1818181818181818,0.3090909090909091
1577,0.1388888888888889,0.0,1.0,0.1111111111111111,0.2777777777777778,0.6111111111111112
1448,0.25,0.1666666666666666,0.4523809523809524,0.4523809523809524,0.3333333333333333,0.1904761904761904
1454,0.3636363636363636,0.0,0.5,0.2272727272727272,0.4090909090909091,0.3636363636363636
1580,0.2833333333333333,0.0,0.8,0.2666666666666666,0.3,0.3
1494,0.25,0.5,0.3333333333333333,0.1818181818181818,0.2727272727272727,0.2575757575757575
1585,0.2241379310344827,0.0,0.7931034482758621,0.2413793103448276,0.1724137931034483,0.5172413793103449
1569,0.2741935483870967,0.0,0.7096774193548387,0.1935483870967742,0.3225806451612903,0.4193548387096774
1499,0.2714285714285714,0.0,0.8571428571428571,0.3142857142857143,0.2571428571428571,0.3714285714285714
1423,0.25,0.0,0.4,0.2,0.35,0.4
1525,0.2837837837837837,0.2702702702702703,0.5405405405405406,0.3513513513513513,0.1891891891891892,0.3513513513513513
1501,0.3666666666666666,0.0,0.3333333333333333,0.2,0.2666666666666666,0.5333333333333333
1515,0.3571428571428571,0.0357142857142857,0.7142857142857143,0.25,0.4285714285714285,0.2857142857142857
1433,0.3541666666666667,0.0,0.6666666666666666,0.2083333333333333,0.5416666666666666,0.25
1589,0.2333333333333333,0.5166666666666666,0.3333333333333333,0.25,0.1666666666666666,0.1833333333333333
1486,0.0833333333333333,0.0,1.0,0.0,0.4166666666666667,0.5833333333333334
1500,0.2962962962962963,0.0,0.5555555555555556,0.2962962962962963,0.3333333333333333,0.3333333333333333
1573,0.2142857142857142,0.0,1.0,0.1428571428571428,0.4285714285714285,0.4285714285714285
1467,0.4423076923076923,0.0769230769230768,0.5769230769230769,0.4230769230769231,0.3846153846153846,0.1923076923076923
1563,0.4074074074074074,0.037037037037037,0.7777777777777778,0.074074074074074,0.6296296296296297,0.2962962962962963
1501,0.25,0.0,0.25,0.0833333333333333,0.5,0.4166666666666667
1528,0.25,0.6774193548387097,0.2419354838709677,0.4193548387096774,0.1290322580645161,0.2419354838709677
1528,0.3088235294117647,0.1764705882352941,0.6764705882352942,0.3235294117647059,0.2352941176470588,0.2941176470588235
1421,0.2941176470588235,0.0,0.7058823529411765,0.0588235294117647,0.4117647058823529,0.2941176470588235
1405,0.0,0.0,1.0,0.0,0.0,1.0
1569,0.2948717948717949,0.0769230769230768,0.4871794871794871,0.3076923076923077,0.4615384615384615,0.2307692307692307
1491,0.3181818181818182,0.0,0.6363636363636364,0.0909090909090909,0.5454545454545454,0.3636363636363636
1538,0.2765957446808511,0.5319148936170213,0.2978723404255319,0.2553191489361702,0.1914893617021276,0.2553191489361702
1520,0.3064516129032258,0.032258064516129,0.6129032258064516,0.0967741935483871,0.4838709677419355,0.2580645161290322
1417,0.238095238095238,0.0,0.238095238095238,0.238095238095238,0.4761904761904761,0.2857142857142857
1500,0.46875,0.0,0.4375,0.125,0.5625,0.3125
1587,0.0909090909090909,0.0,1.0,0.0,0.3636363636363636,0.6363636363636364
1524,0.2916666666666667,0.0,0.5,0.2916666666666667,0.375,0.25
1542,0.3421052631578947,0.0,0.5789473684210527,0.3684210526315789,0.3157894736842105,0.3157894736842105
1422,0.2777777777777778,0.0,0.7037037037037037,0.1851851851851851,0.4074074074074074,0.3703703703703703
1492,0.25,0.0,0.6538461538461539,0.3461538461538461,0.3076923076923077,0.3076923076923077
1456,0.275,0.0,0.6,0.25,0.3,0.4
1552,0.4117647058823529,0.0,0.5882352941176471,0.1176470588235294,0.5882352941176471,0.2941176470588235
1440,0.25,0.0,0.625,0.0625,0.375,0.5
1411,0.3055555555555556,0.0,0.6111111111111112,0.3333333333333333,0.2222222222222222,0.3333333333333333
1493,0.1739130434782608,0.0,0.5652173913043478,0.3478260869565217,0.3478260869565217,0.3043478260869565
1500,0.2368421052631578,0.0,0.4210526315789473,0.1052631578947368,0.5789473684210527,0.3157894736842105
1482,0.3043478260869565,0.0,0.6956521739130435,0.217391304347826,0.3043478260869565,0.4782608695652174
1473,0.5,0.0,0.3333333333333333,0.6666666666666666,0.1666666666666666,0.1666666666666666
1539,0.2083333333333333,0.0,0.5416666666666666,0.0833333333333333,0.375,0.3333333333333333
1500,0.2142857142857142,0.0,0.5238095238095238,0.1904761904761904,0.2619047619047619,0.3333333333333333
1587,0.28125,0.0,0.5,0.125,0.375,0.4375
1408,0.1724137931034483,0.0,0.4137931034482758,0.2413793103448276,0.3448275862068966,0.4137931034482758
1574,0.3043478260869565,0.0,0.6956521739130435,0.2608695652173913,0.5217391304347826,0.217391304347826
1412,0.2222222222222222,0.1111111111111111,0.6666666666666666,0.2666666666666666,0.4666666666666667,0.2444444444444444
1580,0.1071428571428571,0.0,1.0,0.0,0.4285714285714285,0.5714285714285714
1500,0.24,0.52,0.36,0.38,0.16,0.28
1479,0.2246376811594203,0.5652173913043479,0.3043478260869565,0.3043478260869565,0.2028985507246377,0.2898550724637681
1535,0.3214285714285714,0.4285714285714286,0.4523809523809524,0.2619047619047619,0.238095238095238,0.2142857142857142
1427,0.2307692307692307,0.3269230769230768,0.5192307692307693,0.1923076923076923,0.1923076923076923,0.2884615384615384
1511,0.2647058823529412,0.4901960784313726,0.4313725490196078,0.3529411764705882,0.2156862745098039,0.2941176470588235
1445,0.2592592592592592,0.0,0.2222222222222222,0.2592592592592592,0.4074074074074074,0.1851851851851851
1426,0.2391304347826087,0.3913043478260869,0.3695652173913043,0.2608695652173913,0.3260869565217391,0.3260869565217391
1561,0.2719298245614035,0.4736842105263158,0.4385964912280701,0.2631578947368421,0.2807017543859649,0.1929824561403508
1562,0.2307692307692307,0.0,0.4230769230769231,0.0384615384615384,0.5,0.3461538461538461
1569,0.2941176470588235,0.3529411764705882,0.5098039215686274,0.4117647058823529,0.2549019607843137,0.3333333333333333
1500,0.2,0.0,0.6333333333333333,0.3,0.2666666666666666,0.3666666666666666
1466,0.2727272727272727,0.0,0.3636363636363636,0.0454545454545454,0.4545454545454545,0.5
1433,0.2241379310344827,0.0,0.6896551724137931,0.2758620689655172,0.3103448275862069,0.4137931034482758
1589,0.5,0.0,0.25,0.0,0.375,0.625
1487,0.2307692307692307,0.5076923076923077,0.3538461538461538,0.1076923076923077,0.3692307692307692,0.2923076923076923
1454,0.2567567567567567,0.054054054054054,0.8108108108108109,0.3243243243243243,0.3513513513513513,0.2972972972972973
1591,0.1759259259259259,0.0,0.8703703703703703,0.1666666666666666,0.1666666666666666,0.1851851851851851
1519,0.3076923076923077,0.3076923076923077,0.5128205128205128,0.358974358974359,0.3846153846153846,0.2051282051282051
1437,0.2672413793103448,0.6724137931034483,0.2413793103448276,0.2413793103448276,0.5,0.1896551724137931
1510,0.2419354838709677,0.0,0.7419354838709677,0.1935483870967742,0.4838709677419355,0.3225806451612903
1551,0.1666666666666666,0.0,1.0,0.0,0.5555555555555556,0.4444444444444444
1556,0.2916666666666667,0.1666666666666666,0.6111111111111112,0.5277777777777778,0.2777777777777778,0.1666666666666666
1405,0.4130434782608695,0.0,0.782608695652174,0.3043478260869565,0.4782608695652174,0.217391304347826
1481,0.1785714285714285,0.0,0.3571428571428571,0.1428571428571428,0.5,0.3571428571428571
1534,0.391304347826087,0.0,0.6956521739130435,0.0869565217391304,0.3478260869565217,0.3043478260869565
1501,0.4428571428571428,0.3714285714285714,0.4285714285714285,0.2,0.5714285714285714,0.2285714285714285
1428,0.4655172413793103,0.1379310344827586,0.4482758620689655,0.3793103448275862,0.4137931034482758,0.2068965517241379
1455,0.2826086956521739,0.0,0.782608695652174,0.3478260869565217,0.391304347826087,0.2608695652173913
1497,0.2333333333333333,0.0,0.4,0.3333333333333333,0.0666666666666666,0.6
1519,0.3225806451612903,0.032258064516129,0.6451612903225806,0.3225806451612903,0.3548387096774194,0.2903225806451613
1408,0.3421052631578947,0.0,0.6842105263157895,0.2631578947368421,0.4210526315789473,0.2631578947368421
1489,0.2884615384615384,0.0,0.7692307692307693,0.4230769230769231,0.2307692307692307,0.3461538461538461
1455,0.1875,0.425,0.3625,0.575,0.1375,0.1375
1500,0.3333333333333333,0.0,0.7619047619047619,0.2857142857142857,0.5238095238095238,0.1904761904761904
1440,0.1666666666666666,0.0,0.6111111111111112,0.3611111111111111,0.25,0.3888888888888889
1500,0.2051282051282051,0.0,0.8717948717948718,0.2051282051282051,0.3846153846153846,0.358974358974359
1566,0.3181818181818182,0.5454545454545454,0.3090909090909091,0.4545454545454545,0.2727272727272727,0.2545454545454545
1566,0.209090909090909,0.2909090909090909,0.5454545454545454,0.1818181818181818,0.2363636363636363,0.3090909090909091
1552,0.225,0.0,0.4,0.25,0.4,0.3
1482,0.1071428571428571,0.0,1.0,0.2142857142857142,0.4285714285714285,0.3571428571428571
1590,0.2426470588235294,0.6029411764705883,0.1911764705882352,0.3970588235294117,0.1617647058823529,0.2941176470588235
1459,0.2037037037037037,0.0,0.7407407407407407,0.1851851851851851,0.2962962962962963,0.2962962962962963
1548,0.28,0.0,0.56,0.16,0.24,0.44
1514,0.1956521739130435,0.108695652173913,0.717391304347826,0.4347826086956521,0.217391304347826,0.3043478260869565
1503,0.28,0.0,0.72,0.36,0.44,0.2
1464,0.2352941176470588,0.0,0.7352941176470589,0.1764705882352941,0.4117647058823529,0.2058823529411764
1576,0.2727272727272727,0.1818181818181817,0.6136363636363636,0.4545454545454545,0.2272727272727272,0.2045454545454545
1426,0.2619047619047619,0.0,0.1904761904761904,0.238095238095238,0.3333333333333333,0.4285714285714285
1501,0.2234042553191489,0.1489361702127659,0.7021276595744681,0.4468085106382978,0.2127659574468085,0.2978723404255319
1555,0.3,0.0,0.4,0.2,0.4,0.4
1488,0.2083333333333333,0.0,0.1666666666666666,0.0,0.5,0.5
1501,0.2666666666666666,0.0,0.5333333333333333,0.2,0.3333333333333333,0.3333333333333333
1531,0.2833333333333333,0.0,0.8333333333333334,0.3333333333333333,0.2666666666666666,0.3666666666666666
1527,0.56,0.12,0.52,0.4,0.28,0.32
1428,0.0714285714285714,0.0,1.0,0.1428571428571428,0.5,0.3571428571428571
1531,0.2714285714285714,0.0285714285714285,0.6857142857142857,0.1714285714285714,0.4,0.3142857142857143
1498,0.2450980392156862,0.3333333333333333,0.5098039215686274,0.196078431372549,0.1568627450980392,0.4117647058823529
1407,0.3461538461538461,0.0,0.3846153846153846,0.0,0.6153846153846154,0.3846153846153846
1418,0.1527777777777778,0.0,0.5277777777777778,0.0833333333333333,0.2777777777777778,0.4166666666666667
1547,0.2272727272727272,0.0,0.2727272727272727,0.0909090909090909,0.2727272727272727,0.6363636363636364
1440,0.4523809523809524,0.0,0.5714285714285714,0.0952380952380952,0.5714285714285714,0.3333333333333333
1581,0.34,0.0,0.68,0.2,0.44,0.36
1562,0.3017241379310345,0.396551724137931,0.396551724137931,0.3620689655172414,0.2758620689655172,0.2586206896551724
1408,0.2857142857142857,0.0,1.0,0.0,0.5714285714285714,0.4285714285714285
1546,0.3333333333333333,0.1388888888888888,0.6111111111111112,0.3888888888888889,0.25,0.3055555555555556
1507,0.303030303030303,0.0,0.8787878787878788,0.2424242424242424,0.2727272727272727,0.2727272727272727
1445,0.3666666666666666,0.0,0.6666666666666666,0.1333333333333333,0.4,0.4666666666666667
1548,0.2037037037037037,0.0,0.4444444444444444,0.2222222222222222,0.3703703703703703,0.3333333333333333
1500,0.3636363636363636,0.0,0.4545454545454545,0.1818181818181818,0.5,0.3181818181818182
1458,0.3076923076923077,0.1538461538461538,0.3846153846153846,0.3846153846153846,0.3333333333333333,0.2564102564102564
1500,0.375,0.0714285714285714,0.5714285714285714,0.1785714285714285,0.5,0.2857142857142857
1485,0.2094594594594594,0.5810810810810811,0.3648648648648648,0.2972972972972973,0.2162162162162162,0.2837837837837837
1505,0.2708333333333333,0.0,0.625,0.2083333333333333,0.2916666666666667,0.5
1500,0.2016129032258064,0.1774193548387096,0.6612903225806451,0.3709677419354839,0.0967741935483871,0.3225806451612903
1550,0.3478260869565217,0.0,0.6521739130434783,0.217391304347826,0.4347826086956521,0.2608695652173913
1500,0.25,0.0,0.65,0.15,0.45,0.4
1567,0.2916666666666667,0.0,0.5,0.25,0.4166666666666667,0.2916666666666667
1444,0.3653846153846153,0.1923076923076923,0.5384615384615384,0.1538461538461538,0.4615384615384615,0.3076923076923077
1500,0.2763157894736842,0.1842105263157895,0.7105263157894737,0.2368421052631578,0.3157894736842105,0.4210526315789473
1481,0.25,0.0,0.6875,0.1875,0.5,0.25
1504,0.25,0.0,0.5714285714285714,0.1428571428571428,0.5714285714285714,0.2857142857142857
1595,0.3333333333333333,0.0,0.6666666666666666,0.0833333333333333,0.5,0.3333333333333333
1500,0.28,0.0,0.68,0.24,0.4,0.28
1500,0.3723404255319149,0.4893617021276596,0.3404255319148936,0.4680851063829787,0.2553191489361702,0.1914893617021276
1505,0.26,0.0,0.68,0.28,0.36,0.28
1413,0.725,0.1999999999999999,0.5,0.35,0.4,0.25
1510,0.32,0.0,0.64,0.24,0.32,0.4
1407,0.2777777777777778,0.0,0.8518518518518519,0.2962962962962963,0.4814814814814814,0.2222222222222222
1500,0.2142857142857142,0.0,0.5,0.3571428571428571,0.3571428571428571,0.2857142857142857
1425,0.2678571428571428,0.0,0.8214285714285714,0.1785714285714285,0.3571428571428571,0.2857142857142857
1431,0.28,0.0,0.56,0.4,0.28,0.32
1551,0.2205882352941176,0.6029411764705883,0.2647058823529412,0.5735294117647058,0.1617647058823529,0.1470588235294117
1483,0.0666666666666666,0.0,1.0,0.1333333333333333,0.5333333333333333,0.3333333333333333
1486,0.1612903225806451,0.5161290322580645,0.3709677419354839,0.2419354838709677,0.2096774193548387,0.2096774193548387
1494,0.25,0.0,0.25,0.0,0.5,0.5
1418,0.5,0.0,0.6666666666666666,0.0,0.6,0.4
1590,0.125,0.0,1.0,0.0,0.375,0.625
1594,0.3478260869565217,0.0,0.6521739130434783,0.1739130434782608,0.2608695652173913,0.391304347826087
1451,0.3888888888888889,0.1944444444444444,0.3888888888888889,0.3611111111111111,0.3888888888888889,0.2222222222222222
1492,0.4722222222222222,0.0,0.6666666666666666,0.2222222222222222,0.3333333333333333,0.3888888888888889
1527,0.2837837837837837,0.3513513513513513,0.5405405405405406,0.2702702702702703,0.2972972972972973,0.3783783783783784
1575,0.275,0.0,0.4,0.3,0.2,0.5
1400,0.1875,0.0,1.0,0.0,0.625,0.375
1435,0.2555555555555555,0.1999999999999999,0.6666666666666666,0.3777777777777777,0.2888888888888888,0.3111111111111111
1469,0.2741935483870967,0.0,0.8064516129032258,0.1612903225806451,0.2903225806451613,0.3870967741935484
1500,0.3875,0.35,0.375,0.25,0.35,0.4
1487,0.3846153846153846,0.0384615384615384,0.6538461538461539,0.3076923076923077,0.3846153846153846,0.3076923076923077
1547,0.3333333333333333,0.3529411764705882,0.4509803921568627,0.3529411764705882,0.4117647058823529,0.2156862745098039
1487,0.2926829268292683,0.1707317073170732,0.6097560975609756,0.5121951219512195,0.2682926829268293,0.1951219512195122
1509,0.2777777777777778,0.0,0.5,0.2222222222222222,0.3333333333333333,0.4444444444444444
1430,0.21875,0.0,0.1875,0.1875,0.4375,0.375
1426,0.3421052631578947,0.0,0.4210526315789473,0.2105263157894736,0.4736842105263157,0.3157894736842105
1557,0.1956521739130435,0.0,0.2608695652173913,0.0434782608695652,0.4347826086956521,0.5217391304347826
1427,0.25,0.0,0.59375,0.1875,0.4375,0.34375
1562,0.4629629629629629,0.1851851851851852,0.5555555555555556,0.4444444444444444,0.3333333333333333,0.2222222222222222
1424,0.3,0.0,0.65,0.25,0.4,0.3
1517,0.34,0.0,0.48,0.12,0.48,0.24
1511,0.3392857142857143,0.1071428571428571,0.5714285714285714,0.4642857142857143,0.2857142857142857,0.25
1500,0.2441860465116279,0.0,0.6511627906976745,0.2325581395348837,0.2558139534883721,0.3953488372093023
1486,0.25,0.0,0.5,0.0,0.5,0.5
1500,0.303030303030303,0.0,0.6666666666666666,0.2121212121212121,0.2727272727272727,0.3333333333333333
1479,0.2916666666666667,0.0,0.3333333333333333,0.0,0.5,0.5
1500,0.4166666666666667,0.0,0.7222222222222222,0.1111111111111111,0.5,0.3888888888888889
1451,0.2222222222222222,0.0,0.6111111111111112,0.3055555555555556,0.1388888888888889,0.3333333333333333
1527,0.3125,0.09375,0.6875,0.375,0.3125,0.28125
1589,0.0,0.0,1.0,0.0,0.5,0.5
1553,0.3125,0.0,0.4583333333333333,0.3333333333333333,0.2916666666666667,0.3333333333333333
1500,0.3684210526315789,0.0,0.5789473684210527,0.2105263157894736,0.5789473684210527,0.1578947368421052
1416,0.2888888888888888,0.3555555555555555,0.4,0.1333333333333333,0.2444444444444444,0.2888888888888888
1403,0.2352941176470588,0.0,0.5294117647058824,0.1764705882352941,0.2941176470588235,0.4117647058823529
1508,0.2205882352941176,0.0,0.7352941176470589,0.3529411764705882,0.2647058823529412,0.3235294117647059
1589,0.3478260869565217,0.4782608695652174,0.391304347826087,0.3695652173913043,0.391304347826087,0.2391304347826087
1581,0.2833333333333333,0.0,0.8,0.2666666666666666,0.4333333333333333,0.3
1525,0.4444444444444444,0.074074074074074,0.7037037037037037,0.1481481481481481,0.6666666666666666,0.1481481481481481
1453,0.25,0.0,0.65,0.0,0.55,0.45
1500,0.28125,0.0,0.75,0.40625,0.3125,0.28125
1448,0.213235294117647,0.5882352941176471,0.2647058823529412,0.3823529411764705,0.1176470588235294,0.2941176470588235
1476,0.3888888888888889,0.0,0.2222222222222222,0.4444444444444444,0.3333333333333333,0.2222222222222222
1582,0.26,0.0,0.56,0.24,0.28,0.48
1514,0.2272727272727272,0.0,0.3181818181818182,0.1818181818181818,0.3181818181818182,0.4545454545454545
1581,0.36,0.0,0.8,0.24,0.48,0.2
1402,0.2580645161290322,0.0,0.7741935483870968,0.3870967741935484,0.2258064516129032,0.3548387096774194
1586,0.4347826086956521,0.0434782608695651,0.4347826086956521,0.217391304347826,0.391304347826087,0.391304347826087
1550,0.25,0.0,0.5384615384615384,0.1923076923076923,0.4230769230769231,0.3461538461538461
1546,0.3173076923076923,0.3269230769230768,0.5961538461538461,0.4615384615384615,0.25,0.25
1407,0.0,0.0,1.0,0.0,0.5,0.5
1453,0.225,0.0,0.55,0.15,0.4,0.35
1443,0.2166666666666666,0.0,0.7333333333333333,0.1333333333333333,0.4,0.4666666666666667
1563,0.22,0.0,0.28,0.04,0.6,0.32
1528,0.1875,0.0,0.4375,0.3125,0.375,0.25
1500,0.2948717948717949,0.2564102564102564,0.6666666666666666,0.3333333333333333,0.3846153846153846,0.2307692307692307
1517,0.2692307692307692,0.0,0.5384615384615384,0.1923076923076923,0.5769230769230769,0.2307692307692307
1489,0.2121212121212121,0.0,0.7272727272727273,0.2727272727272727,0.3333333333333333,0.3333333333333333
1507,0.1759259259259259,0.0,0.8333333333333334,0.3333333333333333,0.2592592592592592,0.2592592592592592
1500,0.0,0.0,1.0,0.0,0.4,0.6
1580,0.2926829268292683,0.3902439024390244,0.3658536585365853,0.2926829268292683,0.2195121951219512,0.4390243902439024
1559,0.3378378378378378,0.2432432432432432,0.6216216216216216,0.2432432432432432,0.2702702702702703,0.4864864864864865
1425,0.4189189189189189,0.2702702702702703,0.5405405405405406,0.4864864864864865,0.1891891891891892,0.2162162162162162
1439,0.4722222222222222,0.0,0.6111111111111112,0.2777777777777778,0.5,0.2222222222222222
1579,0.2717391304347826,0.4130434782608695,0.4130434782608695,0.2608695652173913,0.217391304347826,0.2826086956521739
1499,0.1935483870967742,0.4354838709677419,0.4354838709677419,0.3709677419354839,0.0806451612903225,0.3064516129032258
1500,0.3125,0.0,0.2916666666666667,0.0833333333333333,0.375,0.1666666666666666
1500,0.25,0.0,0.3636363636363636,0.1818181818181818,0.3636363636363636,0.4545454545454545
1490,0.35,0.0333333333333333,0.6666666666666666,0.3666666666666666,0.4,0.2
1561,0.25,0.0,0.8076923076923077,0.1538461538461538,0.5,0.2692307692307692
1410,0.14,0.0,0.56,0.24,0.4,0.36
1507,0.3833333333333333,0.0999999999999999,0.8,0.4666666666666667,0.3666666666666666,0.1666666666666666
1580,0.1785714285714285,0.0,0.1428571428571428,0.0,0.5,0.5
1415,0.2608695652173913,0.0,0.391304347826087,0.3043478260869565,0.217391304347826,0.4782608695652174
1561,0.2884615384615384,0.0,0.6923076923076923,0.1923076923076923,0.3461538461538461,0.4230769230769231
1500,0.1666666666666666,0.0,1.0,0.1111111111111111,0.3333333333333333,0.5555555555555556
1444,0.3076923076923077,0.0,0.6153846153846154,0.0769230769230769,0.3846153846153846,0.5384615384615384
1501,0.3,0.0,0.8,0.1,0.5,0.4
1447,0.2222222222222222,0.5416666666666667,0.3472222222222222,0.5,0.125,0.2361111111111111
1401,0.275,0.0,0.4,0.25,0.4,0.35
1479,0.3,0.0,0.5333333333333333,0.4,0.3333333333333333,0.2666666666666666
1577,0.7916666666666666,0.375,0.4583333333333333,0.2083333333333333,0.5833333333333334,0.2083333333333333
1451,0.3043478260869565,0.0,0.782608695652174,0.3478260869565217,0.3043478260869565,0.217391304347826
1452,0.3095238095238095,0.0,0.5714285714285714,0.1904761904761904,0.3333333333333333,0.3809523809523809
1553,0.2254901960784313,0.3529411764705882,0.5098039215686274,0.2941176470588235,0.4313725490196078,0.2352941176470588
1414,0.1666666666666666,0.0,0.25,0.0833333333333333,0.5833333333333334,0.3333333333333333
1431,0.2941176470588235,0.5490196078431373,0.3333333333333333,0.1764705882352941,0.4313725490196078,0.196078431372549
1437,0.2625,0.0999999999999999,0.775,0.325,0.325,0.325
1555,0.3333333333333333,0.4358974358974359,0.358974358974359,0.2564102564102564,0.1794871794871795,0.358974358974359
1558,0.2666666666666666,0.0,0.6,0.3,0.3333333333333333,0.2333333333333333
1557,0.28,0.0,0.84,0.28,0.48,0.24
1405,0.3333333333333333,0.0,0.8333333333333334,0.25,0.3333333333333333,0.25
1591,0.3333333333333333,0.0,0.625,0.2916666666666667,0.4583333333333333,0.25
1414,0.3809523809523809,0.0,0.7142857142857143,0.3333333333333333,0.4285714285714285,0.238095238095238
1505,0.2553191489361702,0.2978723404255319,0.5319148936170213,0.1914893617021276,0.1702127659574468,0.3191489361702128
1424,0.2115384615384615,0.0,0.4615384615384615,0.2692307692307692,0.3461538461538461,0.3846153846153846
1496,0.21875,0.0,0.75,0.125,0.4375,0.3125
1569,0.225,0.4333333333333333,0.4166666666666667,0.3,0.3166666666666666,0.3
1543,0.2777777777777778,0.0,0.1111111111111111,0.3333333333333333,0.4444444444444444,0.2222222222222222
1588,0.1948051948051948,0.5194805194805194,0.2727272727272727,0.1688311688311688,0.3246753246753247,0.2207792207792207
1413,0.1875,0.0,0.3125,0.1875,0.4375,0.375
1400,0.2083333333333333,0.2708333333333333,0.4583333333333333,0.125,0.375,0.3333333333333333
1535,0.2647058823529412,0.0,0.3529411764705882,0.0,0.6470588235294118,0.3529411764705882
1455,0.2727272727272727,0.0,0.696969696969697,0.2424242424242424,0.303030303030303,0.303030303030303
1582,0.4047619047619047,0.0,0.6666666666666666,0.3809523809523809,0.4285714285714285,0.1904761904761904
1549,0.2109375,0.578125,0.328125,0.21875,0.125,0.359375
1471,0.1923076923076923,0.0,1.0,0.0769230769230769,0.3076923076923077,0.4615384615384615
1487,0.3048780487804878,0.5121951219512195,0.3658536585365853,0.5609756097560976,0.1463414634146341,0.2439024390243902
1451,0.2142857142857142,0.3928571428571429,0.4821428571428571,0.3214285714285714,0.2857142857142857,0.2857142857142857
1429,0.2903225806451613,0.0,0.7741935483870968,0.1290322580645161,0.4193548387096774,0.3548387096774194
1539,0.2666666666666666,0.4499999999999999,0.4666666666666667,0.3166666666666666,0.3666666666666666,0.1833333333333333
1418,0.4117647058823529,0.0,0.6470588235294118,0.0588235294117647,0.6470588235294118,0.2941176470588235
1500,0.0,0.0,1.0,0.5,0.5,0.0
1446,0.2375,0.0999999999999999,0.8,0.175,0.3,0.425
1500,0.2777777777777778,0.2222222222222222,0.4722222222222222,0.1944444444444444,0.5277777777777778,0.25
1523,0.2142857142857142,0.0,0.2857142857142857,0.0,0.3571428571428571,0.5714285714285714
1482,0.5434782608695652,0.0869565217391304,0.6956521739130435,0.4347826086956521,0.3043478260869565,0.2608695652173913
1494,0.3333333333333333,0.0,0.6666666666666666,0.0,0.4444444444444444,0.5555555555555556
1504,0.3103448275862069,0.0,0.5517241379310345,0.2413793103448276,0.3793103448275862,0.3103448275862069
1402,0.2884615384615384,0.0,0.8076923076923077,0.3461538461538461,0.3076923076923077,0.3461538461538461
1529,0.0,0.0,1.0,0.0,0.0,1.0
1499,0.3043478260869565,0.0,0.9130434782608696,0.1304347826086956,0.3043478260869565,0.5652173913043478
1500,0.2788461538461538,0.6346153846153846,0.2307692307692307,0.3461538461538461,0.173076923076923,0.2692307692307692
1500,0.4189189189189189,0.3783783783783784,0.5135135135135135,0.5405405405405406,0.2972972972972973,0.1621621621621621
1571,0.1476190476190476,0.7142857142857143,0.1523809523809524,0.3714285714285714,0.2476190476190476,0.2476190476190476
1486,0.25,0.0,0.5,0.1111111111111111,0.4444444444444444,0.4444444444444444
1504,0.2906976744186046,0.3023255813953488,0.5348837209302325,0.1627906976744186,0.2325581395348837,0.4418604651162791
1417,0.3260869565217391,0.0,0.6521739130434783,0.2608695652173913,0.391304347826087,0.3478260869565217
1545,0.1,0.0,1.0,0.0,0.3,0.7
1526,0.16875,0.6125,0.275,0.2875,0.1375,0.2625
1596,0.2241379310344827,0.0,0.8275862068965517,0.1379310344827586,0.4827586206896552,0.3793103448275862
1561,0.3214285714285714,0.3571428571428571,0.4523809523809524,0.2142857142857142,0.4523809523809524,0.2857142857142857
1519,0.2727272727272727,0.0,0.7727272727272727,0.4090909090909091,0.3181818181818182,0.2272727272727272
1528,0.1858974358974359,0.6025641025641026,0.282051282051282,0.4487179487179487,0.1666666666666666,0.1538461538461538
1431,0.1842105263157894,0.0,0.7368421052631579,0.2631578947368421,0.4210526315789473,0.3157894736842105
1525,0.2272727272727272,0.0,0.5454545454545454,0.1363636363636363,0.2727272727272727,0.4545454545454545
1495,0.1176470588235294,0.0,0.1176470588235294,0.1176470588235294,0.6470588235294118,0.2352941176470588
1506,0.2884615384615384,0.0,0.6923076923076923,0.3461538461538461,0.3076923076923077,0.2692307692307692
1593,0.2666666666666666,0.2888888888888888,0.4,0.4888888888888889,0.2,0.2888888888888888
1510,0.2338709677419354,0.4032258064516129,0.4516129032258064,0.2903225806451613,0.0967741935483871,0.2419354838709677
1580,0.5476190476190477,0.0476190476190476,0.7619047619047619,0.1904761904761904,0.5714285714285714,0.238095238095238
1549,0.2857142857142857,0.2285714285714285,0.6,0.1428571428571428,0.4285714285714285,0.1714285714285714
1423,0.3068181818181818,0.4545454545454546,0.3636363636363636,0.1363636363636363,0.4318181818181818,0.3636363636363636
1495,0.3333333333333333,0.0,0.4285714285714285,0.0,0.5714285714285714,0.3809523809523809
1411,0.2,0.0,0.2,0.3,0.6,0.1
