Player,Captures,Endgame,Middlegame,Major Pieces,Minor Pieces,Pawn
1749,0.3846153846153846,0.0384615384615384,0.5769230769230769,0.3076923076923077,0.3461538461538461,0.3461538461538461
1784,0.238095238095238,0.0,0.7142857142857143,0.2857142857142857,0.4285714285714285,0.2857142857142857
1630,0.1976744186046511,0.0,0.7674418604651163,0.3255813953488372,0.4883720930232558,0.1627906976744186
1621,0.2631578947368421,0.0,0.4736842105263157,0.1052631578947368,0.4210526315789473,0.4210526315789473
1606,0.3518518518518518,0.0,0.4814814814814814,0.1851851851851851,0.4814814814814814,0.2962962962962963
1733,0.5,0.0,1.0,0.0,0.6666666666666666,0.3333333333333333
1605,0.125,0.0,1.0,0.0,0.3333333333333333,0.6666666666666666
1730,0.3333333333333333,0.0,0.1666666666666666,0.0833333333333333,0.4166666666666667,0.5
1699,0.35,0.0333333333333333,0.5333333333333333,0.2333333333333333,0.4666666666666667,0.3
1716,0.2909090909090909,0.5272727272727273,0.3272727272727272,0.3636363636363636,0.1636363636363636,0.2727272727272727
1762,0.4583333333333333,0.3611111111111111,0.4444444444444444,0.1944444444444444,0.6944444444444444,0.1111111111111111
1688,0.2333333333333333,0.0,0.3333333333333333,0.0666666666666666,0.5333333333333333,0.4
1682,0.5,0.0476190476190476,0.7619047619047619,0.238095238095238,0.4285714285714285,0.2857142857142857
1760,0.2272727272727272,0.5,0.4242424242424242,0.2575757575757575,0.3636363636363636,0.303030303030303
1645,0.3478260869565217,0.0,0.6956521739130435,0.3043478260869565,0.4782608695652174,0.217391304347826
1761,0.2065217391304347,0.0,0.5,0.2608695652173913,0.391304347826087,0.2391304347826087
1719,0.3684210526315789,0.0,0.6842105263157895,0.2631578947368421,0.5263157894736842,0.2105263157894736
1663,0.3023255813953488,0.1627906976744185,0.5348837209302325,0.2790697674418604,0.3953488372093023,0.2790697674418604
1694,0.3235294117647059,0.5098039215686274,0.3529411764705882,0.4117647058823529,0.2941176470588235,0.2941176470588235
1699,0.32,0.0,0.56,0.16,0.36,0.48
1770,0.282051282051282,0.2051282051282051,0.5897435897435898,0.1282051282051282,0.3333333333333333,0.3846153846153846
1719,0.2039473684210526,0.6447368421052632,0.3289473684210526,0.3289473684210526,0.1578947368421052,0.1973684210526315
1739,0.3166666666666666,0.0,0.7,0.3333333333333333,0.4333333333333333,0.2333333333333333
1707,0.3837209302325581,0.3953488372093023,0.3953488372093023,0.4883720930232558,0.2790697674418604,0.2093023255813953
1615,0.1818181818181818,0.0,0.2727272727272727,0.2727272727272727,0.1818181818181818,0.4545454545454545
1757,0.2592592592592592,0.0,0.5185185185185185,0.2592592592592592,0.4074074074074074,0.3333333333333333
1795,0.3611111111111111,0.0,0.7777777777777778,0.2777777777777778,0.3888888888888889,0.3333333333333333
1630,0.2826086956521739,0.5,0.391304347826087,0.2608695652173913,0.1956521739130435,0.3260869565217391
1680,0.1842105263157894,0.0,0.3157894736842105,0.1052631578947368,0.6842105263157895,0.2105263157894736
1702,0.32,0.0,0.68,0.2,0.52,0.28
1715,0.3235294117647059,0.0,0.3529411764705882,0.1764705882352941,0.4705882352941176,0.3529411764705882
1643,0.2916666666666667,0.4166666666666666,0.3958333333333333,0.3333333333333333,0.3125,0.3125
1654,0.1944444444444444,0.0,0.2777777777777778,0.0555555555555555,0.5555555555555556,0.3333333333333333
1631,0.2333333333333333,0.0888888888888889,0.6222222222222222,0.3777777777777777,0.2444444444444444,0.2444444444444444
1673,0.2222222222222222,0.0222222222222222,0.7555555555555555,0.3555555555555555,0.2666666666666666,0.2222222222222222
1772,0.0952380952380952,0.0,1.0,0.1428571428571428,0.3333333333333333,0.3809523809523809
1653,0.3125,0.03125,0.5625,0.46875,0.28125,0.25
1789,0.1944444444444444,0.0,0.4444444444444444,0.1666666666666666,0.4444444444444444,0.3888888888888889
1661,0.3375,0.4,0.45,0.15,0.275,0.375
1653,0.25,0.0,0.6,0.2,0.35,0.45
1756,0.3181818181818182,0.0,0.1818181818181818,0.2727272727272727,0.3636363636363636,0.3636363636363636
1743,0.2884615384615384,0.0,0.6538461538461539,0.2307692307692307,0.3461538461538461,0.4230769230769231
1704,0.4791666666666667,0.0833333333333333,0.5833333333333334,0.1666666666666666,0.4583333333333333,0.1666666666666666
1730,0.3125,0.0,0.25,0.0,0.75,0.25
1691,0.2545454545454545,0.3636363636363636,0.4545454545454545,0.1454545454545454,0.509090909090909,0.2363636363636363
1686,0.1785714285714285,0.0,0.4642857142857143,0.2142857142857142,0.4285714285714285,0.3571428571428571
1607,0.45,0.0,0.5,0.2,0.2,0.6
1728,0.2166666666666666,0.6,0.25,0.1,0.2833333333333333,0.2166666666666666
1669,0.1971830985915492,0.6056338028169015,0.2394366197183098,0.0704225352112676,0.380281690140845,0.2112676056338028
1747,0.1739130434782608,0.0,0.8695652173913043,0.217391304347826,0.3043478260869565,0.4347826086956521
1728,0.2153846153846154,0.6461538461538461,0.2615384615384615,0.3076923076923077,0.1384615384615384,0.2
1788,0.2586206896551724,0.0,0.6551724137931034,0.1379310344827586,0.5517241379310345,0.3103448275862069
1791,0.217391304347826,0.536231884057971,0.3768115942028985,0.3188405797101449,0.1739130434782608,0.3768115942028985
1711,0.3571428571428571,0.0,0.1428571428571428,0.2857142857142857,0.4285714285714285,0.2857142857142857
1629,0.2916666666666667,0.0,0.4166666666666667,0.1666666666666666,0.4166666666666667,0.4166666666666667
1626,0.3541666666666667,0.0,0.6666666666666666,0.125,0.625,0.2083333333333333
1639,0.3902439024390244,0.3902439024390244,0.4878048780487805,0.2439024390243902,0.3170731707317073,0.3658536585365853
1619,0.21875,0.46875,0.4375,0.390625,0.125,0.328125
1697,0.2804878048780488,0.024390243902439,0.7317073170731707,0.3414634146341463,0.2195121951219512,0.2926829268292683
1757,0.2361111111111111,0.0,0.8611111111111112,0.5,0.25,0.25
1618,0.3260869565217391,0.0,0.6956521739130435,0.2608695652173913,0.3478260869565217,0.391304347826087
1730,0.3793103448275862,0.1034482758620689,0.6206896551724138,0.3103448275862069,0.2758620689655172,0.3448275862068966
1649,0.2049180327868852,0.4590163934426229,0.4426229508196721,0.1475409836065573,0.2950819672131147,0.1967213114754098
1693,0.26,0.0,0.8,0.16,0.4,0.4
1615,0.25,0.0,0.6111111111111112,0.3611111111111111,0.25,0.25
1720,0.3055555555555556,0.0,0.5555555555555556,0.0555555555555555,0.6666666666666666,0.2777777777777778
1746,0.2297297297297297,0.0,0.5945945945945946,0.3243243243243243,0.2972972972972973,0.2972972972972973
1691,0.275,0.175,0.625,0.25,0.4,0.25
1720,0.2586206896551724,0.0,0.6206896551724138,0.2758620689655172,0.3103448275862069,0.3793103448275862
1613,0.3,0.0,0.45,0.25,0.25,0.45
1653,0.2162162162162162,0.0,0.4864864864864865,0.1351351351351351,0.4594594594594595,0.2972972972972973
1674,0.3823529411764705,0.3529411764705882,0.4117647058823529,0.2352941176470588,0.5882352941176471,0.1470588235294117
1634,0.2352941176470588,0.0,0.1176470588235294,0.1764705882352941,0.1764705882352941,0.5882352941176471
1773,0.2804878048780488,0.1951219512195121,0.4146341463414634,0.4146341463414634,0.2195121951219512,0.2926829268292683
1714,0.2391304347826087,0.3043478260869565,0.5652173913043478,0.3260869565217391,0.2608695652173913,0.3043478260869565
1664,0.3,0.0,0.6,0.32,0.32,0.32
1694,0.375,0.1999999999999999,0.625,0.375,0.3,0.325
1615,0.1964285714285714,0.2142857142857143,0.4642857142857143,0.5,0.1428571428571428,0.3214285714285714
1614,0.2903225806451613,0.0,0.7741935483870968,0.2903225806451613,0.3225806451612903,0.3870967741935484
1785,0.2464788732394366,0.5070422535211268,0.2816901408450704,0.2253521126760563,0.352112676056338,0.3380281690140845
1671,0.23,0.48,0.36,0.12,0.36,0.32
1758,0.25,0.5416666666666667,0.2708333333333333,0.3125,0.1875,0.3541666666666667
1781,0.1538461538461538,0.0,0.0769230769230769,0.0769230769230769,0.3846153846153846,0.5384615384615384
1760,0.3181818181818182,0.0,0.5909090909090909,0.0909090909090909,0.4090909090909091,0.3636363636363636
1777,0.2446808510638297,0.276595744680851,0.5319148936170213,0.2553191489361702,0.3191489361702128,0.2553191489361702
1792,0.2333333333333333,0.0,0.2,0.2,0.5333333333333333,0.2666666666666666
1794,0.1428571428571428,0.0,0.5714285714285714,0.1428571428571428,0.2857142857142857,0.5714285714285714
1704,0.2857142857142857,0.0,0.4285714285714285,0.1904761904761904,0.3333333333333333,0.4761904761904761
1679,0.2571428571428571,0.0285714285714285,0.6571428571428571,0.3428571428571428,0.2,0.3142857142857143
1668,0.3048780487804878,0.3170731707317072,0.3902439024390244,0.2439024390243902,0.4146341463414634,0.3170731707317073
1616,0.34,0.0,0.68,0.32,0.32,0.32
1762,0.2424242424242424,0.0,0.6060606060606061,0.3636363636363636,0.303030303030303,0.3333333333333333
1757,0.32,0.0,0.48,0.28,0.4,0.32
1748,0.2307692307692307,0.0,0.4615384615384615,0.2307692307692307,0.1538461538461538,0.6153846153846154
1728,0.3068181818181818,0.3409090909090909,0.2272727272727272,0.3181818181818182,0.2727272727272727,0.3863636363636363
1732,0.2109375,0.34375,0.59375,0.265625,0.296875,0.1875
1618,0.3061224489795918,0.3061224489795918,0.4693877551020408,0.2857142857142857,0.2653061224489796,0.3469387755102041
1643,0.2608695652173913,0.0,0.3478260869565217,0.217391304347826,0.4782608695652174,0.3043478260869565
1675,0.1333333333333333,0.0,0.2,0.0,0.6,0.4
1632,0.3076923076923077,0.1282051282051282,0.5128205128205128,0.4615384615384615,0.358974358974359,0.1794871794871795
1605,0.2272727272727272,0.0,0.0909090909090909,0.0,0.6363636363636364,0.3636363636363636
1715,0.2083333333333333,0.0,0.3333333333333333,0.25,0.3333333333333333,0.4166666666666667
1694,0.2678571428571428,0.375,0.4464285714285714,0.3571428571428571,0.3571428571428571,0.2678571428571428
1759,0.391304347826087,0.0,0.6956521739130435,0.2608695652173913,0.5217391304347826,0.217391304347826
1625,0.1818181818181818,0.0,0.5227272727272727,0.2272727272727272,0.1818181818181818,0.3409090909090909
1713,0.4736842105263157,0.0,0.7368421052631579,0.3157894736842105,0.4210526315789473,0.2631578947368421
1619,0.2428571428571428,0.4571428571428572,0.4571428571428571,0.5142857142857142,0.1428571428571428,0.1857142857142857
1754,0.3666666666666666,0.0,0.5333333333333333,0.0666666666666666,0.5333333333333333,0.4
1681,0.2386363636363636,0.0454545454545454,0.5454545454545454,0.2727272727272727,0.2272727272727272,0.2954545454545454
1748,0.2258064516129032,0.0,0.8709677419354839,0.1935483870967742,0.3870967741935484,0.3548387096774194
1627,0.2045454545454545,0.0,0.4545454545454545,0.1818181818181818,0.3636363636363636,0.4545454545454545
1712,0.3055555555555556,0.1388888888888888,0.5555555555555556,0.5277777777777778,0.1388888888888889,0.25
1706,0.15,0.0,0.55,0.2,0.25,0.55
1714,0.1666666666666666,0.0,1.0,0.0,0.3333333333333333,0.6666666666666666
1630,0.2604166666666667,0.1458333333333333,0.5,0.3333333333333333,0.2916666666666667,0.3541666666666667
1744,0.265625,0.546875,0.28125,0.21875,0.34375,0.25
1676,0.35,0.0,0.65,0.3,0.4,0.3
1615,0.2368421052631578,0.0,0.7894736842105263,0.2631578947368421,0.5263157894736842,0.2105263157894736
1719,0.2596153846153846,0.5576923076923077,0.2884615384615384,0.1346153846153846,0.173076923076923,0.2692307692307692
1644,0.3676470588235294,0.2352941176470588,0.4705882352941176,0.2058823529411764,0.5,0.2941176470588235
1691,0.3076923076923077,0.0,0.3846153846153846,0.2307692307692307,0.2307692307692307,0.5384615384615384
1697,0.5,0.0,0.6666666666666666,0.0,0.8333333333333334,0.1666666666666666
1701,0.2790697674418604,0.2558139534883721,0.5116279069767442,0.0930232558139534,0.5348837209302325,0.3023255813953488
1707,0.3620689655172414,0.1379310344827586,0.5862068965517241,0.2068965517241379,0.2758620689655172,0.4137931034482758
1775,0.25,0.0,0.8333333333333334,0.0833333333333333,0.4166666666666667,0.3333333333333333
1765,0.3235294117647059,0.0,0.3529411764705882,0.1764705882352941,0.2352941176470588,0.5882352941176471
1600,0.2916666666666667,0.0,0.1666666666666666,0.0,0.5,0.5
1651,0.16875,0.3125,0.55,0.3625,0.1375,0.15
1627,0.2083333333333333,0.0,0.5,0.2083333333333333,0.2916666666666667,0.4166666666666667
1629,0.3181818181818182,0.4772727272727273,0.3181818181818182,0.5,0.2272727272727272,0.25
1648,0.202127659574468,0.0,0.7659574468085106,0.3191489361702128,0.425531914893617,0.2553191489361702
1723,0.2321428571428571,0.0,0.5714285714285714,0.1785714285714285,0.3214285714285714,0.5
1623,0.2142857142857142,0.0,1.0,0.0,0.5714285714285714,0.4285714285714285
1792,0.2307692307692307,0.4230769230769231,0.3653846153846153,0.4807692307692308,0.1538461538461538,0.25
1635,0.45,0.0,0.7,0.45,0.2,0.3
1789,0.3043478260869565,0.4347826086956522,0.3695652173913043,0.108695652173913,0.217391304347826,0.217391304347826
1709,0.4666666666666667,0.1999999999999999,0.6666666666666666,0.2333333333333333,0.5,0.2666666666666666
1632,0.25,0.0,0.1,0.2,0.4,0.4
1733,0.2549019607843137,0.2941176470588235,0.5098039215686274,0.1372549019607843,0.392156862745098,0.2941176470588235
1668,0.1521739130434782,0.0,0.4347826086956521,0.1739130434782608,0.6086956521739131,0.217391304347826
1707,0.2222222222222222,0.0,0.8333333333333334,0.0555555555555555,0.5,0.3888888888888889
1604,0.4629629629629629,0.3703703703703703,0.4444444444444444,0.2592592592592592,0.4074074074074074,0.3333333333333333
1604,0.1538461538461538,0.0,0.5384615384615384,0.1538461538461538,0.4615384615384615,0.3846153846153846
1646,0.2272727272727272,0.0,0.6363636363636364,0.1363636363636363,0.5,0.3636363636363636
1769,0.38,0.04,0.68,0.32,0.44,0.24
1609,0.2702702702702703,0.2432432432432432,0.5945945945945946,0.2702702702702703,0.2162162162162162,0.3513513513513513
1733,0.1764705882352941,0.0,0.4705882352941176,0.1176470588235294,0.4705882352941176,0.3529411764705882
1634,0.21875,0.0,0.5625,0.125,0.375,0.5
1649,0.24,0.0,0.6,0.28,0.4,0.32
1713,0.25,0.2916666666666666,0.3958333333333333,0.1666666666666666,0.4583333333333333,0.3333333333333333
1731,0.25,0.0,0.6333333333333333,0.3333333333333333,0.2666666666666666,0.2333333333333333
1701,0.0555555555555555,0.0,1.0,0.0,0.4444444444444444,0.5555555555555556
1774,0.2575757575757575,0.0,0.7272727272727273,0.3333333333333333,0.4242424242424242,0.2424242424242424
1645,0.2205882352941176,0.0,0.5882352941176471,0.1764705882352941,0.3823529411764705,0.4117647058823529
1775,0.3823529411764705,0.0,0.4705882352941176,0.1176470588235294,0.6470588235294118,0.2352941176470588
1698,0.18,0.0,0.92,0.12,0.2,0.32
1795,0.2142857142857142,0.5535714285714286,0.3035714285714285,0.1785714285714285,0.1071428571428571,0.3214285714285714
1695,0.0833333333333333,0.0,1.0,0.0,0.4166666666666667,0.5833333333333334
1744,0.5,0.0,0.631578947368421,0.2105263157894736,0.3684210526315789,0.2105263157894736
1652,0.3076923076923077,0.0,0.1538461538461538,0.0769230769230769,0.5384615384615384,0.3846153846153846
1611,0.3181818181818182,0.1212121212121212,0.4848484848484848,0.303030303030303,0.3636363636363636,0.2727272727272727
1714,0.1684782608695652,0.3478260869565217,0.5434782608695652,0.4456521739130434,0.1195652173913043,0.25
1618,0.2916666666666667,0.0,0.8333333333333334,0.3333333333333333,0.25,0.4166666666666667
1638,0.3571428571428571,0.3877551020408163,0.4285714285714285,0.1836734693877551,0.3877551020408163,0.2040816326530612
1683,0.4166666666666667,0.3055555555555556,0.3888888888888889,0.3333333333333333,0.25,0.3333333333333333
1631,0.2708333333333333,0.0,0.4166666666666667,0.25,0.2916666666666667,0.25
1674,0.3035714285714285,0.0,0.5,0.1071428571428571,0.3571428571428571,0.5357142857142857
1614,0.25,0.0,0.3333333333333333,0.1666666666666666,0.5555555555555556,0.2777777777777778
1676,0.2142857142857142,0.0,1.0,0.0,0.7142857142857143,0.2857142857142857
1681,0.1058823529411764,0.5058823529411764,0.3764705882352941,0.1411764705882353,0.1529411764705882,0.2235294117647059
1624,0.25,0.0,0.6428571428571429,0.0,0.4285714285714285,0.5714285714285714
1610,0.2142857142857142,0.0,0.4285714285714285,0.0714285714285714,0.3571428571428571,0.5
1649,0.217391304347826,0.217391304347826,0.5869565217391305,0.5434782608695652,0.217391304347826,0.1521739130434782
1784,0.2,0.2181818181818181,0.5454545454545454,0.3454545454545454,0.2181818181818181,0.2909090909090909
1606,0.2121212121212121,0.0,0.7878787878787878,0.2121212121212121,0.303030303030303,0.2727272727272727
1767,0.325,0.0,0.55,0.3,0.3,0.3
1671,0.2941176470588235,0.0,0.4705882352941176,0.0588235294117647,0.4705882352941176,0.4705882352941176
1680,0.3148148148148148,0.0,0.925925925925926,0.2962962962962963,0.3703703703703703,0.3333333333333333
1778,0.25,0.0,0.4375,0.0625,0.4375,0.375
1768,0.2321428571428571,0.0,0.5714285714285714,0.2857142857142857,0.3214285714285714,0.3571428571428571
1648,0.25,0.0,0.45,0.15,0.6,0.25
1735,0.5,0.2068965517241379,0.4137931034482758,0.2068965517241379,0.5517241379310345,0.2413793103448276
1789,0.0526315789473684,0.0,1.0,0.1052631578947368,0.2105263157894736,0.4736842105263157
1778,0.1875,0.0,1.0,0.25,0.25,0.5
1679,0.2619047619047619,0.0,0.4761904761904761,0.3809523809523809,0.2857142857142857,0.3333333333333333
1743,0.2857142857142857,0.3469387755102041,0.5102040816326531,0.4489795918367347,0.2040816326530612,0.2448979591836734
1702,0.3571428571428571,0.0,0.2857142857142857,0.2857142857142857,0.1428571428571428,0.5714285714285714
1638,0.28,0.0,0.8,0.08,0.56,0.36
1738,0.2403846153846154,0.4230769230769231,0.4615384615384615,0.2307692307692307,0.3076923076923077,0.2692307692307692
1618,0.3055555555555556,0.0,0.5,0.0555555555555555,0.5555555555555556,0.3888888888888889
1772,0.1916666666666666,0.3833333333333333,0.5333333333333333,0.3,0.15,0.1666666666666666
1716,0.3214285714285714,0.0,0.6071428571428571,0.25,0.3214285714285714,0.4285714285714285
1781,0.2142857142857142,0.0,0.5714285714285714,0.238095238095238,0.3809523809523809,0.2857142857142857
1631,0.5357142857142857,0.0,0.5,0.0714285714285714,0.5714285714285714,0.3571428571428571
1756,0.325,0.0,0.65,0.15,0.3,0.3
1703,0.53125,0.0,0.6875,0.125,0.5625,0.3125
1793,0.1842105263157894,0.5,0.3552631578947368,0.0263157894736842,0.1842105263157894,0.2631578947368421
1638,0.1923076923076923,0.0,0.0769230769230769,0.0769230769230769,0.5384615384615384,0.3846153846153846
1700,0.2777777777777778,0.1111111111111111,0.3611111111111111,0.1944444444444444,0.3888888888888889,0.3611111111111111
1715,0.2692307692307692,0.0256410256410256,0.5641025641025641,0.282051282051282,0.3846153846153846,0.3333333333333333
1649,0.2972972972972973,0.054054054054054,0.6486486486486487,0.3783783783783784,0.2162162162162162,0.2432432432432432
1603,0.1964285714285714,0.0,0.7857142857142857,0.5,0.3571428571428571,0.1428571428571428
1641,0.2571428571428571,0.0,0.7714285714285715,0.2857142857142857,0.3428571428571428,0.2857142857142857
1725,0.3333333333333333,0.0,0.8666666666666667,0.1,0.3333333333333333,0.1666666666666666
1793,0.2333333333333333,0.0,0.7,0.2,0.5333333333333333,0.2333333333333333
1606,0.3,0.1999999999999999,0.5333333333333333,0.4888888888888889,0.2222222222222222,0.2888888888888888
1633,0.2432432432432432,0.0,0.8378378378378378,0.3513513513513513,0.2972972972972973,0.2162162162162162
1731,0.1982758620689655,0.3275862068965517,0.4655172413793103,0.2586206896551724,0.2068965517241379,0.3275862068965517
1635,0.15,0.0,1.0,0.1,0.5,0.4
1620,0.2457627118644068,0.6101694915254237,0.2711864406779661,0.2203389830508474,0.1864406779661017,0.2033898305084746
1730,0.1666666666666666,0.0,0.0833333333333333,0.1666666666666666,0.4166666666666667,0.4166666666666667
1640,0.2857142857142857,0.0,0.6190476190476191,0.1904761904761904,0.5238095238095238,0.2857142857142857
1628,0.2419354838709677,0.0,0.6129032258064516,0.2258064516129032,0.4193548387096774,0.3548387096774194
1774,0.328125,0.09375,0.5625,0.25,0.375,0.34375
1665,0.3461538461538461,0.0,0.7692307692307693,0.2692307692307692,0.4230769230769231,0.3076923076923077
1798,0.3571428571428571,0.0,0.6666666666666666,0.238095238095238,0.238095238095238,0.5238095238095238
1721,0.3648648648648648,0.5675675675675675,0.2972972972972973,0.3783783783783784,0.2162162162162162,0.3513513513513513
1793,0.2115384615384615,0.717948717948718,0.2179487179487179,0.3076923076923077,0.1794871794871795,0.3461538461538461
1604,0.303030303030303,0.1818181818181817,0.6060606060606061,0.3939393939393939,0.3333333333333333,0.2424242424242424
1725,0.3064516129032258,0.1612903225806451,0.5806451612903226,0.1290322580645161,0.3870967741935484,0.4193548387096774
1725,0.2727272727272727,0.0,0.8484848484848485,0.3636363636363636,0.2727272727272727,0.3333333333333333
1794,0.2543859649122807,0.5614035087719298,0.3684210526315789,0.1578947368421052,0.4736842105263157,0.1929824561403508
1728,0.22,0.0,0.56,0.2,0.32,0.36
1652,0.2363636363636363,0.4,0.4,0.3636363636363636,0.2,0.2181818181818181
1702,0.3666666666666666,0.0,0.4,0.1333333333333333,0.1333333333333333,0.5333333333333333
1634,0.1866666666666666,0.48,0.4533333333333333,0.44,0.12,0.24
1712,0.3181818181818182,0.0303030303030302,0.4848484848484848,0.2121212121212121,0.4545454545454545,0.303030303030303
1798,0.287037037037037,0.4259259259259259,0.4074074074074074,0.3148148148148148,0.2592592592592592,0.2592592592592592
1653,0.3333333333333333,0.0,0.3333333333333333,0.0,0.5555555555555556,0.4444444444444444
1793,0.1818181818181818,0.0,0.4545454545454545,0.1818181818181818,0.4545454545454545,0.3636363636363636
1748,0.2758620689655172,0.0,0.9310344827586208,0.2758620689655172,0.2758620689655172,0.4137931034482758
1694,0.2884615384615384,0.0,0.6538461538461539,0.1538461538461538,0.5,0.3076923076923077
1782,0.2372881355932203,0.6440677966101696,0.2542372881355932,0.0847457627118644,0.3898305084745763,0.3050847457627119
1664,0.1875,0.0,0.125,0.125,0.5625,0.3125
1759,0.2272727272727272,0.0,0.2727272727272727,0.0,0.3636363636363636,0.6363636363636364
1602,0.32,0.48,0.4,0.44,0.2,0.3
1792,0.2586206896551724,0.0,0.6206896551724138,0.2413793103448276,0.3103448275862069,0.4137931034482758
1770,0.375,0.0714285714285714,0.6785714285714286,0.25,0.4285714285714285,0.25
1667,0.375,0.0,0.5416666666666666,0.125,0.4583333333333333,0.4166666666666667
1758,0.275,0.0,0.35,0.2,0.45,0.3
1652,0.2727272727272727,0.0606060606060605,0.5454545454545454,0.3636363636363636,0.3333333333333333,0.2424242424242424
1695,0.2777777777777778,0.0,0.1111111111111111,0.1111111111111111,0.5555555555555556,0.3333333333333333
1673,0.25,0.0,0.5769230769230769,0.1538461538461538,0.4230769230769231,0.3846153846153846
1681,0.3636363636363636,0.0,0.4545454545454545,0.1818181818181818,0.4545454545454545,0.3636363636363636
1704,0.2446808510638297,0.4042553191489362,0.4042553191489361,0.5319148936170213,0.2340425531914893,0.1276595744680851
1650,0.3461538461538461,0.0,0.3846153846153846,0.2307692307692307,0.3076923076923077,0.4615384615384615
1765,0.2720588235294117,0.5,0.3529411764705882,0.2941176470588235,0.2794117647058823,0.3235294117647059
1658,0.2708333333333333,0.0,0.5,0.0833333333333333,0.375,0.5
1662,0.3076923076923077,0.0,0.6538461538461539,0.4230769230769231,0.3076923076923077,0.1923076923076923
1702,0.2272727272727272,0.0,0.7727272727272727,0.1818181818181818,0.4545454545454545,0.3181818181818182
1702,0.1857142857142857,0.0,0.7142857142857143,0.0285714285714285,0.6857142857142857,0.2857142857142857
1658,0.3611111111111111,0.3333333333333333,0.4444444444444444,0.2222222222222222,0.25,0.4444444444444444
1647,0.3125,0.0625,0.65625,0.28125,0.53125,0.15625
1613,0.2619047619047619,0.0,0.7619047619047619,0.238095238095238,0.3809523809523809,0.2857142857142857
1657,0.3125,0.0,0.625,0.25,0.3125,0.3125
1753,0.2142857142857142,0.0,0.8571428571428571,0.238095238095238,0.4285714285714285,0.2857142857142857
1696,0.171875,0.0,0.78125,0.1875,0.40625,0.40625
1668,0.2,0.0,1.0,0.2,0.2,0.6
1770,0.25,0.1999999999999999,0.525,0.3,0.3,0.275
1715,0.1959459459459459,0.5540540540540541,0.3108108108108108,0.3243243243243243,0.1621621621621621,0.2567567567567567
1678,0.1666666666666666,0.0,0.3333333333333333,0.0833333333333333,0.5833333333333334,0.2916666666666667
1700,0.225,0.4499999999999999,0.4,0.2666666666666666,0.3833333333333333,0.2333333333333333
1788,0.27,0.38,0.38,0.44,0.24,0.28
1606,0.3409090909090909,0.5681818181818181,0.2272727272727272,0.1363636363636363,0.4090909090909091,0.3409090909090909
1656,0.275,0.0,0.5,0.1,0.5,0.35
1787,0.25,0.0,0.6785714285714286,0.1071428571428571,0.4285714285714285,0.3571428571428571
1693,0.4166666666666667,0.0,0.1666666666666666,0.3333333333333333,0.3333333333333333,0.3333333333333333
1715,0.26,0.0,0.36,0.12,0.48,0.4
1622,0.3333333333333333,0.0,0.5833333333333334,0.2083333333333333,0.4166666666666667,0.375
1674,0.59375,0.0,0.625,0.375,0.4375,0.1875
1734,0.2763157894736842,0.0789473684210526,0.6052631578947368,0.2105263157894736,0.3157894736842105,0.3684210526315789
1740,0.20625,0.65,0.225,0.425,0.2875,0.25
1619,0.2333333333333333,0.0,0.3333333333333333,0.0,0.4,0.6
1718,0.3043478260869565,0.0,0.6521739130434783,0.3043478260869565,0.217391304347826,0.3043478260869565
1672,0.2714285714285714,0.0,0.6285714285714286,0.1714285714285714,0.1142857142857142,0.3714285714285714
1614,0.0,0.0,1.0,0.0,0.0,1.0
1632,0.3235294117647059,0.0,0.8823529411764706,0.088235294117647,0.3823529411764705,0.2647058823529412
1649,0.2589285714285714,0.5892857142857143,0.1964285714285714,0.4821428571428571,0.1785714285714285,0.3214285714285714
1730,0.2564102564102564,0.1282051282051282,0.7948717948717948,0.3333333333333333,0.2051282051282051,0.3846153846153846
1600,0.0,0.0,1.0,0.0,0.4,0.6
1677,0.3333333333333333,0.5294117647058824,0.3333333333333333,0.2156862745098039,0.3137254901960784,0.3529411764705882
1673,0.4666666666666667,0.0,0.6666666666666666,0.2666666666666666,0.4,0.3333333333333333
1618,0.25,0.0,0.7307692307692307,0.2692307692307692,0.3461538461538461,0.3461538461538461
1744,0.2222222222222222,0.0,0.2222222222222222,0.0,0.3333333333333333,0.6666666666666666
1673,0.3095238095238095,0.0,0.6190476190476191,0.1904761904761904,0.3333333333333333,0.4761904761904761
1701,0.2765957446808511,0.3404255319148936,0.5319148936170213,0.2978723404255319,0.2978723404255319,0.3191489361702128
1788,0.3369565217391304,0.2608695652173913,0.3695652173913043,0.3695652173913043,0.3260869565217391,0.2826086956521739
1678,0.1935483870967742,0.0,0.5483870967741935,0.5483870967741935,0.2903225806451613,0.1612903225806451
1778,0.2674418604651162,0.3720930232558139,0.3720930232558139,0.1627906976744186,0.2558139534883721,0.4186046511627907
1724,0.25,0.25,0.6458333333333334,0.3958333333333333,0.3333333333333333,0.2708333333333333
1721,0.2638888888888889,0.0,0.8611111111111112,0.25,0.3611111111111111,0.2222222222222222
1729,0.3,0.1999999999999999,0.3714285714285714,0.2571428571428571,0.3142857142857143,0.4285714285714285
1667,0.3409090909090909,0.0,0.5909090909090909,0.2727272727272727,0.5454545454545454,0.1818181818181818
1710,0.2076923076923077,0.6461538461538461,0.2153846153846154,0.3692307692307692,0.2461538461538461,0.3230769230769231
1719,0.2638888888888889,0.25,0.4166666666666667,0.2777777777777778,0.3333333333333333,0.2222222222222222
1755,0.2625,0.475,0.225,0.1,0.4,0.35
1733,0.3518518518518518,0.0,0.5925925925925926,0.2962962962962963,0.4074074074074074,0.2962962962962963
1795,0.2183098591549295,0.6619718309859155,0.2394366197183098,0.3098591549295774,0.2816901408450704,0.2253521126760563
1672,0.3888888888888889,0.037037037037037,0.5555555555555556,0.3333333333333333,0.3703703703703703,0.2962962962962963
1693,0.2625,0.15,0.725,0.4,0.25,0.3
1787,0.2,0.0,0.7,0.15,0.4,0.4
1710,0.2586206896551724,0.0,0.6206896551724138,0.3103448275862069,0.4137931034482758,0.2413793103448276
1702,0.2926829268292683,0.4634146341463414,0.4146341463414634,0.2682926829268293,0.2682926829268293,0.2439024390243902
1664,0.2272727272727272,0.0,0.8787878787878788,0.3939393939393939,0.3333333333333333,0.2727272727272727
1707,0.42,0.04,0.6,0.4,0.36,0.24
1650,0.358974358974359,0.4871794871794872,0.2564102564102564,0.2051282051282051,0.358974358974359,0.3076923076923077
1640,0.2012987012987013,0.5974025974025974,0.2727272727272727,0.2077922077922078,0.1948051948051948,0.2467532467532467
1617,0.4,0.0,0.4666666666666667,0.1333333333333333,0.4,0.4666666666666667
1639,0.2884615384615384,0.0,0.7307692307692307,0.2307692307692307,0.3076923076923077,0.4615384615384615
1758,0.2142857142857142,0.0,0.4285714285714285,0.1904761904761904,0.4285714285714285,0.3809523809523809
1755,0.3333333333333333,0.1515151515151515,0.4242424242424242,0.2424242424242424,0.4242424242424242,0.2121212121212121
1675,0.4264705882352941,0.2352941176470588,0.6176470588235294,0.4117647058823529,0.2941176470588235,0.2352941176470588
1772,0.2714285714285714,0.0857142857142857,0.8,0.2571428571428571,0.2857142857142857,0.4
1728,0.2444444444444444,0.1777777777777778,0.7111111111111111,0.3333333333333333,0.3111111111111111,0.2222222222222222
1703,0.2692307692307692,0.0,0.8461538461538461,0.2692307692307692,0.5,0.2307692307692307
1671,0.2777777777777778,0.0,0.6111111111111112,0.0555555555555555,0.4444444444444444,0.5
1769,0.2702702702702703,0.054054054054054,0.5945945945945946,0.3243243243243243,0.3243243243243243,0.3243243243243243
1743,0.21875,0.2291666666666666,0.5625,0.375,0.2083333333333333,0.2708333333333333
1672,0.282051282051282,0.2051282051282051,0.5384615384615384,0.3076923076923077,0.1794871794871795,0.358974358974359
1782,0.2972972972972973,0.2972972972972972,0.4324324324324324,0.2972972972972973,0.3243243243243243,0.2972972972972973
1791,0.2181818181818181,0.2545454545454545,0.3636363636363636,0.2181818181818181,0.2181818181818181,0.2181818181818181
1720,0.2840909090909091,0.3181818181818182,0.6136363636363636,0.4545454545454545,0.2272727272727272,0.2954545454545454
1705,0.1857142857142857,0.3571428571428571,0.5,0.2571428571428571,0.2714285714285714,0.1857142857142857
1617,0.2857142857142857,0.0285714285714285,0.8,0.4,0.2857142857142857,0.3142857142857143
1644,0.3333333333333333,0.0,0.6,0.2666666666666666,0.4666666666666667,0.2
1705,0.7142857142857143,0.0,0.4285714285714285,0.2857142857142857,0.1428571428571428,0.5714285714285714
1636,0.1969696969696969,0.0,0.4848484848484848,0.0909090909090909,0.6363636363636364,0.2424242424242424
1627,0.1296296296296296,0.0,0.8333333333333334,0.2037037037037037,0.5,0.2407407407407407
1628,0.2542372881355932,0.728813559322034,0.1694915254237288,0.2542372881355932,0.2203389830508474,0.2033898305084746
1694,0.2,0.0,0.5333333333333333,0.4,0.4666666666666667,0.1333333333333333
1700,0.2413793103448276,0.0,0.7931034482758621,0.3448275862068966,0.4137931034482758,0.2068965517241379
1676,0.1463414634146341,0.0,0.8048780487804879,0.2682926829268293,0.2439024390243902,0.2439024390243902
1796,0.1785714285714285,0.0,0.8095238095238095,0.119047619047619,0.4523809523809524,0.2619047619047619
1653,0.34,0.0,0.8,0.28,0.32,0.4
1746,0.2318840579710145,0.5217391304347826,0.3188405797101449,0.4057971014492754,0.217391304347826,0.2608695652173913
1622,0.3666666666666666,0.0666666666666666,0.5333333333333333,0.2333333333333333,0.4333333333333333,0.3
1652,0.2142857142857142,0.1428571428571429,0.7619047619047619,0.3571428571428571,0.238095238095238,0.3095238095238095
1734,0.2045454545454545,0.3484848484848485,0.5454545454545454,0.303030303030303,0.2121212121212121,0.303030303030303
1609,0.2857142857142857,0.0,0.7619047619047619,0.1904761904761904,0.238095238095238,0.2857142857142857
1629,0.36,0.0,0.68,0.16,0.52,0.32
1616,0.0,0.0,1.0,0.0,0.0,1.0
1702,0.2903225806451613,0.0,0.6451612903225806,0.2580645161290322,0.2903225806451613,0.3548387096774194
1788,0.3333333333333333,0.0,0.3333333333333333,0.0,0.6666666666666666,0.3333333333333333
1700,0.3888888888888889,0.0,0.2222222222222222,0.1111111111111111,0.6666666666666666,0.2222222222222222
1737,0.25,0.0,0.375,0.0625,0.4375,0.5
1608,0.3518518518518518,0.0,0.8518518518518519,0.1481481481481481,0.3333333333333333,0.3703703703703703
1770,0.2790697674418604,0.3023255813953488,0.5813953488372093,0.2790697674418604,0.1860465116279069,0.2558139534883721
1786,0.2857142857142857,0.1714285714285713,0.4285714285714285,0.3428571428571428,0.4285714285714285,0.2
1784,0.28,0.0,0.64,0.36,0.44,0.2
1746,0.1860465116279069,0.0,0.7441860465116279,0.3488372093023256,0.2790697674418604,0.3488372093023256
1710,0.303030303030303,0.0303030303030302,0.7272727272727273,0.2121212121212121,0.303030303030303,0.2424242424242424
1706,0.2894736842105263,0.5263157894736843,0.4035087719298245,0.5087719298245614,0.1228070175438596,0.2631578947368421
1604,0.140625,0.0,0.4375,0.28125,0.40625,0.28125
1671,0.2916666666666667,0.0,0.4166666666666667,0.1666666666666666,0.4166666666666667,0.4166666666666667
1619,0.1944444444444444,0.0,0.5,0.2222222222222222,0.3055555555555556,0.4166666666666667
1691,0.25,0.0,0.59375,0.28125,0.34375,0.34375
1738,0.1857142857142857,0.3857142857142857,0.4714285714285714,0.2142857142857142,0.3142857142857143,0.3
1711,0.1785714285714285,0.125,0.7142857142857143,0.4107142857142857,0.3392857142857143,0.2321428571428571
1706,0.3695652173913043,0.0,0.6086956521739131,0.1739130434782608,0.5652173913043478,0.2608695652173913
1714,0.3620689655172414,0.1034482758620689,0.4482758620689655,0.2758620689655172,0.4137931034482758,0.2758620689655172
1668,0.34,0.0,0.72,0.24,0.48,0.24
1621,0.2833333333333333,0.0,0.8,0.1666666666666666,0.4666666666666667,0.3
1761,0.2,0.0,0.3333333333333333,0.0,0.4,0.4666666666666667
1671,0.3461538461538461,0.0,0.7307692307692307,0.2307692307692307,0.3461538461538461,0.4230769230769231
1650,0.3636363636363636,0.0,0.5454545454545454,0.2272727272727272,0.4545454545454545,0.2727272727272727
1761,0.275,0.175,0.65,0.25,0.35,0.325
1769,0.2291666666666666,0.0,0.4583333333333333,0.2916666666666667,0.4166666666666667,0.25
1664,0.2395833333333333,0.1666666666666666,0.7083333333333334,0.2916666666666667,0.3541666666666667,0.2916666666666667
1611,0.2708333333333333,0.0,0.5833333333333334,0.125,0.5833333333333334,0.2916666666666667
1682,0.2272727272727272,0.0,0.6363636363636364,0.2272727272727272,0.3636363636363636,0.3636363636363636
1735,0.35,0.2333333333333332,0.6,0.1333333333333333,0.3666666666666666,0.2666666666666666
1792,0.2833333333333333,0.0,0.6333333333333333,0.1666666666666666,0.3333333333333333,0.4666666666666667
1705,0.2395833333333333,0.3958333333333333,0.5416666666666666,0.125,0.3125,0.25
1788,0.1923076923076923,0.0,0.3076923076923077,0.0,0.6923076923076923,0.3076923076923077
1638,0.3478260869565217,0.0,0.7391304347826086,0.217391304347826,0.391304347826087,0.3478260869565217
1645,0.2115384615384615,0.0,0.5384615384615384,0.1153846153846153,0.6153846153846154,0.2692307692307692
1649,0.2419354838709677,0.5806451612903225,0.1935483870967742,0.3387096774193548,0.3225806451612903,0.1612903225806451
1752,0.2631578947368421,0.0,0.2105263157894736,0.2105263157894736,0.2631578947368421,0.5263157894736842
1647,0.32,0.56,0.28,0.34,0.38,0.24
1725,0.2395833333333333,0.1875,0.5416666666666666,0.4166666666666667,0.1666666666666666,0.25
1702,0.293103448275862,0.0,0.5172413793103449,0.2413793103448276,0.5517241379310345,0.1724137931034483
1750,0.1428571428571428,0.0,1.0,0.1428571428571428,0.5714285714285714,0.2857142857142857
1664,0.24,0.0999999999999999,0.68,0.2,0.22,0.22
1713,0.2631578947368421,0.0,0.631578947368421,0.2105263157894736,0.4736842105263157,0.3157894736842105
1734,0.2222222222222222,0.0444444444444444,0.6888888888888889,0.2666666666666666,0.2666666666666666,0.2888888888888888
1776,0.4814814814814814,0.1851851851851852,0.5555555555555556,0.2962962962962963,0.4444444444444444,0.2592592592592592
1663,0.25,0.0,0.5,0.1111111111111111,0.5555555555555556,0.3333333333333333
1747,0.2236842105263158,0.0,0.7631578947368421,0.3421052631578947,0.2894736842105263,0.2894736842105263
1652,0.2727272727272727,0.0,0.6363636363636364,0.2727272727272727,0.5454545454545454,0.1818181818181818
1618,0.3375,0.3249999999999999,0.55,0.125,0.7,0.175
1677,0.246031746031746,0.3333333333333333,0.3174603174603174,0.2063492063492063,0.3492063492063492,0.3333333333333333
1646,0.2258064516129032,0.4354838709677419,0.4354838709677419,0.3064516129032258,0.3225806451612903,0.2580645161290322
1730,0.25,0.0,0.8181818181818182,0.2272727272727272,0.3181818181818182,0.3181818181818182
1609,0.3,0.275,0.55,0.325,0.25,0.35
1717,0.2109375,0.59375,0.234375,0.34375,0.171875,0.3125
1643,0.2954545454545454,0.0,0.6818181818181818,0.2727272727272727,0.5454545454545454,0.1818181818181818
1784,0.2906976744186046,0.2558139534883721,0.6511627906976745,0.3488372093023256,0.2790697674418604,0.2558139534883721
1699,0.2962962962962963,0.0,0.8148148148148148,0.2962962962962963,0.2222222222222222,0.3703703703703703
1649,0.2777777777777778,0.0,0.5925925925925926,0.3333333333333333,0.3703703703703703,0.2592592592592592
1623,0.3666666666666666,0.0,0.6,0.0666666666666666,0.4666666666666667,0.4666666666666667
1686,0.2962962962962963,0.0,0.7037037037037037,0.1851851851851851,0.3333333333333333,0.4444444444444444
1614,0.2551020408163265,0.2040816326530612,0.6938775510204082,0.1020408163265306,0.2244897959183673,0.3061224489795918
1705,0.2647058823529412,0.2745098039215686,0.5294117647058824,0.196078431372549,0.2941176470588235,0.3333333333333333
1792,0.1935483870967742,0.0,0.6451612903225806,0.1612903225806451,0.4516129032258064,0.2903225806451613
1686,0.2608695652173913,0.0,0.4782608695652174,0.0869565217391304,0.6086956521739131,0.3043478260869565
1704,0.3387096774193548,0.1290322580645161,0.4838709677419355,0.3225806451612903,0.3548387096774194,0.3225806451612903
1712,0.3243243243243243,0.4594594594594594,0.4594594594594595,0.3513513513513513,0.1891891891891892,0.2432432432432432
1753,0.2222222222222222,0.0,0.2222222222222222,0.1111111111111111,0.3333333333333333,0.5555555555555556
1788,0.2884615384615384,0.0,0.8076923076923077,0.3461538461538461,0.2692307692307692,0.3846153846153846
1698,0.2916666666666667,0.0,0.5833333333333334,0.0,0.5,0.5
1707,0.2333333333333333,0.0,0.1333333333333333,0.2,0.3333333333333333,0.4
1785,0.25,0.3863636363636363,0.5,0.2272727272727272,0.1363636363636363,0.2954545454545454
1673,0.3166666666666666,0.0666666666666666,0.7333333333333333,0.3666666666666666,0.3666666666666666,0.2333333333333333
1659,0.1666666666666666,0.0,0.2857142857142857,0.0952380952380952,0.4285714285714285,0.4285714285714285
1781,0.45,0.0,0.7,0.1,0.5,0.4
1678,0.3478260869565217,0.0,0.6521739130434783,0.3478260869565217,0.3478260869565217,0.3043478260869565
1617,0.25,0.0,0.868421052631579,0.1578947368421052,0.3157894736842105,0.2368421052631578
1608,0.3157894736842105,0.0,0.5789473684210527,0.2631578947368421,0.4736842105263157,0.2631578947368421
1606,0.1285714285714285,0.0,0.6,0.1714285714285714,0.2285714285714285,0.2571428571428571
1714,0.3787878787878788,0.2727272727272727,0.5151515151515151,0.2121212121212121,0.4545454545454545,0.2727272727272727
1711,0.1612903225806451,0.0,0.6451612903225806,0.3225806451612903,0.2580645161290322,0.4193548387096774
1615,0.293103448275862,0.5,0.3793103448275862,0.2758620689655172,0.293103448275862,0.3448275862068966
1716,0.2450980392156862,0.3529411764705882,0.4901960784313725,0.2745098039215686,0.3333333333333333,0.2549019607843137
1679,0.2156862745098039,0.2941176470588235,0.5686274509803921,0.1568627450980392,0.196078431372549,0.3137254901960784
1739,0.2391304347826087,0.3913043478260869,0.4565217391304347,0.2826086956521739,0.1956521739130435,0.4130434782608695
1764,0.3333333333333333,0.5185185185185186,0.3148148148148148,0.4629629629629629,0.1851851851851851,0.3333333333333333
1625,0.3023255813953488,0.4651162790697675,0.3488372093023256,0.3953488372093023,0.1627906976744186,0.2558139534883721
1626,0.1764705882352941,0.0,0.5294117647058824,0.1764705882352941,0.4117647058823529,0.4117647058823529
1648,0.2222222222222222,0.0,0.7407407407407407,0.3333333333333333,0.3333333333333333,0.2592592592592592
1775,0.3225806451612903,0.1935483870967742,0.5161290322580645,0.3548387096774194,0.2903225806451613,0.3225806451612903
1670,0.3125,0.35,0.5,0.2,0.3,0.35
1715,0.1422018348623853,0.6697247706422018,0.2660550458715596,0.3027522935779816,0.2201834862385321,0.2110091743119266
1766,0.3181818181818182,0.0,0.3636363636363636,0.0909090909090909,0.5454545454545454,0.3636363636363636
1704,0.21875,0.0,0.5625,0.25,0.375,0.375
1631,0.25,0.0,0.5,0.2,0.3,0.5
1741,0.3088235294117647,0.088235294117647,0.7647058823529411,0.3823529411764705,0.2058823529411764,0.3235294117647059
1685,0.3823529411764705,0.0,0.5882352941176471,0.3529411764705882,0.4705882352941176,0.1764705882352941
1621,0.2941176470588235,0.0,0.4705882352941176,0.1176470588235294,0.5294117647058824,0.3529411764705882
1703,0.2183098591549295,0.5774647887323944,0.352112676056338,0.2816901408450704,0.0845070422535211,0.323943661971831
1765,0.2307692307692307,0.0,0.4615384615384615,0.2307692307692307,0.3846153846153846,0.3846153846153846
1670,0.1842105263157894,0.1052631578947368,0.7719298245614035,0.4035087719298245,0.2456140350877192,0.2982456140350877
1698,0.2741935483870967,0.0,0.7096774193548387,0.3548387096774194,0.2258064516129032,0.2903225806451613
1647,0.2162162162162162,0.0,0.6756756756756757,0.1081081081081081,0.4054054054054054,0.4054054054054054
1728,0.2567567567567567,0.2972972972972972,0.4324324324324324,0.2972972972972973,0.2972972972972973,0.3783783783783784
1684,0.3103448275862069,0.0,0.8275862068965517,0.4137931034482758,0.3103448275862069,0.2413793103448276
1757,0.3043478260869565,0.0,0.4347826086956521,0.217391304347826,0.3043478260869565,0.391304347826087
1624,0.4,0.0,0.6,0.3333333333333333,0.4666666666666667,0.2
1751,0.3035714285714285,0.0,0.6071428571428571,0.1785714285714285,0.4285714285714285,0.2857142857142857
1778,0.16,0.0,0.36,0.16,0.48,0.36
1702,0.1,0.0,1.0,0.0,0.3,0.7
1618,0.225,0.0,0.8,0.1,0.55,0.35
1672,0.2666666666666666,0.0,0.6333333333333333,0.3333333333333333,0.4333333333333333,0.2
1661,0.2638888888888889,0.0555555555555555,0.5555555555555556,0.1944444444444444,0.3888888888888889,0.3888888888888889
1695,0.3181818181818182,0.0,0.8181818181818182,0.2272727272727272,0.4545454545454545,0.3181818181818182
1791,0.3636363636363636,0.0,0.7272727272727273,0.1818181818181818,0.2727272727272727,0.5454545454545454
1651,0.2666666666666666,0.3111111111111111,0.4888888888888889,0.3777777777777777,0.2888888888888888,0.2666666666666666
1796,0.3387096774193548,0.1935483870967742,0.6129032258064516,0.0967741935483871,0.3225806451612903,0.4516129032258064
1747,0.1909090909090909,0.1818181818181817,0.5636363636363636,0.2181818181818181,0.3454545454545454,0.3272727272727272
1745,0.2,0.0,0.5333333333333333,0.0666666666666666,0.4666666666666667,0.4666666666666667
1644,0.2631578947368421,0.4035087719298246,0.3333333333333333,0.2105263157894736,0.3157894736842105,0.3157894736842105
1720,0.25,0.5178571428571428,0.25,0.3035714285714285,0.3571428571428571,0.3035714285714285
1704,0.1407766990291262,0.6893203883495146,0.2427184466019417,0.145631067961165,0.5242718446601942,0.174757281553398
1715,0.2352941176470588,0.0,0.1764705882352941,0.1764705882352941,0.4117647058823529,0.3529411764705882
1770,0.2435897435897435,0.0769230769230768,0.8461538461538461,0.4358974358974359,0.2307692307692307,0.282051282051282
1723,0.1428571428571428,0.0,0.5714285714285714,0.3714285714285714,0.3714285714285714,0.2571428571428571
1722,0.238095238095238,0.4444444444444444,0.3968253968253968,0.3492063492063492,0.3174603174603174,0.2539682539682539
1724,0.2604166666666667,0.1666666666666666,0.6458333333333334,0.4166666666666667,0.3125,0.2708333333333333
1632,0.3333333333333333,0.0303030303030302,0.5151515151515151,0.1212121212121212,0.5454545454545454,0.2727272727272727
1711,0.375,0.0,0.125,0.0,0.75,0.25
1619,0.2589285714285714,0.3571428571428571,0.4285714285714285,0.4464285714285714,0.25,0.1964285714285714
1674,0.2291666666666666,0.0,0.75,0.25,0.5,0.25
1604,0.2692307692307692,0.3333333333333333,0.4358974358974359,0.3846153846153846,0.2564102564102564,0.2051282051282051
1655,0.25,0.0,0.5,0.125,0.5,0.375
1679,0.1666666666666666,0.0,1.0,0.0,0.1111111111111111,0.6666666666666666
1673,0.2586206896551724,0.0,0.7241379310344828,0.2758620689655172,0.3793103448275862,0.3448275862068966
1732,0.2555555555555555,0.4666666666666667,0.4666666666666667,0.1111111111111111,0.3777777777777777,0.2444444444444444
1601,0.0555555555555555,0.0,1.0,0.0555555555555555,0.2777777777777778,0.6666666666666666
1681,0.1785714285714285,0.0,0.5,0.1428571428571428,0.3571428571428571,0.5
1788,0.3,0.1142857142857143,0.7142857142857143,0.2857142857142857,0.2,0.3142857142857143
1747,0.2894736842105263,0.0,0.6842105263157895,0.2631578947368421,0.3157894736842105,0.4210526315789473
1703,0.2575757575757575,0.0,0.8181818181818182,0.3939393939393939,0.3636363636363636,0.2424242424242424
1747,0.4428571428571428,0.2571428571428571,0.5142857142857142,0.4857142857142857,0.2857142857142857,0.2285714285714285
1698,0.3461538461538461,0.0384615384615384,0.7692307692307693,0.3846153846153846,0.2692307692307692,0.3461538461538461
1650,0.2666666666666666,0.0,0.6,0.2666666666666666,0.3,0.4
1783,0.3125,0.0,0.125,0.0,0.5,0.5
1778,0.2647058823529412,0.0,0.5882352941176471,0.2058823529411764,0.2647058823529412,0.2647058823529412
1701,0.2121212121212121,0.0,0.8484848484848485,0.1818181818181818,0.4848484848484848,0.3333333333333333
1674,0.1860465116279069,0.0,0.627906976744186,0.4186046511627907,0.2790697674418604,0.2790697674418604
1617,0.1428571428571428,0.0,0.5238095238095238,0.0476190476190476,0.2857142857142857,0.5714285714285714
1779,0.1875,0.0,0.3125,0.25,0.25,0.5
1759,0.2323943661971831,0.619718309859155,0.2394366197183098,0.2676056338028169,0.1267605633802817,0.3380281690140845
1619,0.2878787878787879,0.0,0.6060606060606061,0.3636363636363636,0.303030303030303,0.2424242424242424
1661,0.219298245614035,0.368421052631579,0.4736842105263157,0.3508771929824561,0.2280701754385964,0.2807017543859649
1719,0.2340425531914893,0.1702127659574468,0.7446808510638298,0.4042553191489361,0.1914893617021276,0.2553191489361702
1666,0.25,0.0,0.7333333333333333,0.1333333333333333,0.3333333333333333,0.2
1697,0.2428571428571428,0.0,0.7714285714285715,0.2285714285714285,0.3142857142857143,0.2857142857142857
1683,0.2340425531914893,0.3404255319148936,0.3404255319148936,0.2127659574468085,0.3191489361702128,0.3404255319148936
1773,0.234375,0.0,0.75,0.25,0.3125,0.40625
1732,0.2195121951219512,0.4146341463414634,0.4634146341463415,0.2682926829268293,0.4146341463414634,0.3170731707317073
1667,0.1842105263157894,0.0526315789473684,0.6491228070175439,0.175438596491228,0.2105263157894736,0.3333333333333333
1766,0.4259259259259259,0.074074074074074,0.6296296296296297,0.1851851851851851,0.3333333333333333,0.4814814814814814
1649,0.3333333333333333,0.0,0.3888888888888889,0.1666666666666666,0.3333333333333333,0.5
1720,0.3421052631578947,0.0,0.631578947368421,0.2105263157894736,0.4210526315789473,0.2631578947368421
1796,0.3529411764705882,0.0,0.5882352941176471,0.1764705882352941,0.2941176470588235,0.4705882352941176
1606,0.2307692307692307,0.0,0.4615384615384615,0.2307692307692307,0.2692307692307692,0.4615384615384615
1684,0.3333333333333333,0.0,0.5,0.1666666666666666,0.3333333333333333,0.5
1729,0.3958333333333333,0.0,0.4583333333333333,0.1666666666666666,0.4166666666666667,0.4166666666666667
1658,0.35,0.0,0.8,0.15,0.3,0.55
1754,0.4107142857142857,0.1785714285714286,0.6071428571428571,0.2142857142857142,0.3571428571428571,0.3571428571428571
1669,0.2058823529411764,0.0,0.1764705882352941,0.0588235294117647,0.4705882352941176,0.4705882352941176
1614,0.2435897435897435,0.0,0.8717948717948718,0.0512820512820512,0.358974358974359,0.4102564102564102
1774,0.2777777777777778,0.0833333333333333,0.5,0.1666666666666666,0.3055555555555556,0.3611111111111111
1663,0.21875,0.0,0.71875,0.125,0.46875,0.21875
1794,0.4,0.1999999999999999,0.5714285714285714,0.2857142857142857,0.4285714285714285,0.2
1723,0.2386363636363636,0.0454545454545454,0.75,0.3181818181818182,0.4090909090909091,0.25
1798,0.1521739130434782,0.0,0.7391304347826086,0.3478260869565217,0.3478260869565217,0.3043478260869565
1621,0.3333333333333333,0.0,0.7619047619047619,0.0952380952380952,0.3333333333333333,0.5714285714285714
1782,0.2692307692307692,0.3653846153846154,0.5,0.173076923076923,0.2115384615384615,0.2692307692307692
1671,0.3214285714285714,0.3571428571428571,0.4285714285714285,0.4285714285714285,0.2619047619047619,0.3095238095238095
1638,0.25,0.0,0.5,0.2222222222222222,0.5,0.2777777777777778
1611,0.1428571428571428,0.0,0.3928571428571428,0.2142857142857142,0.3928571428571428,0.3571428571428571
1626,0.3125,0.0,0.7083333333333334,0.25,0.5,0.25
1698,0.1929824561403508,0.2456140350877192,0.6140350877192983,0.2105263157894736,0.3859649122807017,0.2280701754385964
1772,0.3125,0.0,0.125,0.0,0.25,0.75
1645,0.1792452830188679,0.1132075471698113,0.7735849056603774,0.1698113207547169,0.1132075471698113,0.3584905660377358
1750,0.2448979591836734,0.326530612244898,0.5510204081632653,0.1428571428571428,0.3469387755102041,0.2653061224489796
1753,0.2619047619047619,0.0,0.8571428571428571,0.0952380952380952,0.5238095238095238,0.3333333333333333
1713,0.2368421052631578,0.5087719298245614,0.2982456140350877,0.0701754385964912,0.2807017543859649,0.2982456140350877
1725,0.2586206896551724,0.0,0.5862068965517241,0.2758620689655172,0.3448275862068966,0.3103448275862069
1612,0.2307692307692307,0.0,0.6153846153846154,0.1538461538461538,0.3461538461538461,0.4615384615384615
1777,0.1818181818181818,0.0,0.4545454545454545,0.1590909090909091,0.3863636363636363,0.3636363636363636
1708,0.75,0.0,1.0,0.0,0.0,1.0
1702,0.2352941176470588,0.0,0.5882352941176471,0.3529411764705882,0.3529411764705882,0.2941176470588235
1705,0.3387096774193548,0.1612903225806451,0.5483870967741935,0.3225806451612903,0.3225806451612903,0.3548387096774194
1704,0.2258064516129032,0.0,0.6129032258064516,0.2903225806451613,0.3870967741935484,0.3225806451612903
1702,0.2777777777777778,0.0,0.3888888888888889,0.1111111111111111,0.3888888888888889,0.5
1706,0.2142857142857142,0.0,0.6071428571428571,0.0,0.4642857142857143,0.2857142857142857
1614,0.2592592592592592,0.0,0.7777777777777778,0.3333333333333333,0.2592592592592592,0.2962962962962963
1728,0.2941176470588235,0.0,0.2352941176470588,0.1764705882352941,0.3529411764705882,0.4705882352941176
1769,0.3,0.0,0.4,0.1333333333333333,0.6,0.2666666666666666
1689,0.2109375,0.4375,0.484375,0.1875,0.1875,0.265625
1620,0.5,0.0,1.0,0.0,0.6666666666666666,0.3333333333333333
1662,0.5185185185185185,0.2592592592592593,0.5185185185185185,0.1851851851851851,0.5555555555555556,0.2592592592592592
1606,0.4137931034482758,0.1379310344827586,0.5172413793103449,0.4137931034482758,0.2758620689655172,0.3103448275862069
1779,0.1964285714285714,0.0,0.8571428571428571,0.1785714285714285,0.4642857142857143,0.2857142857142857
1757,0.2307692307692307,0.0,0.8461538461538461,0.1923076923076923,0.3076923076923077,0.4230769230769231
1712,0.2,0.0,0.5333333333333333,0.1333333333333333,0.6666666666666666,0.2
1718,0.3333333333333333,0.0,0.1666666666666666,0.0,0.3333333333333333,0.6666666666666666
1698,0.3088235294117647,0.088235294117647,0.6470588235294118,0.3823529411764705,0.3823529411764705,0.2352941176470588
1736,0.15,0.2428571428571428,0.5,0.2285714285714285,0.2428571428571428,0.3428571428571428
1797,0.4166666666666667,0.0999999999999999,0.4333333333333333,0.4333333333333333,0.2,0.3666666666666666
1654,0.25,0.0,0.3636363636363636,0.1818181818181818,0.2727272727272727,0.4545454545454545
1670,0.3571428571428571,0.3571428571428571,0.4285714285714285,0.3809523809523809,0.2857142857142857,0.3095238095238095
1655,0.2205882352941176,0.5588235294117647,0.2794117647058823,0.5147058823529411,0.1323529411764706,0.2205882352941176
1601,0.1666666666666666,0.5679012345679013,0.345679012345679,0.1851851851851851,0.1234567901234567,0.1975308641975308
1708,0.5588235294117647,0.0,0.7647058823529411,0.4117647058823529,0.2941176470588235,0.2941176470588235
1686,0.3863636363636363,0.0,0.6363636363636364,0.1363636363636363,0.4545454545454545,0.4090909090909091
1714,0.2647058823529412,0.0,0.8823529411764706,0.4705882352941176,0.3235294117647059,0.2058823529411764
1748,0.2203389830508474,0.288135593220339,0.576271186440678,0.1016949152542373,0.5084745762711864,0.2372881355932203
1619,0.28125,0.375,0.4791666666666667,0.2291666666666666,0.3541666666666667,0.1875
1644,0.4375,0.34375,0.5,0.34375,0.3125,0.3125
1730,0.4642857142857143,0.0,0.6428571428571429,0.2857142857142857,0.2857142857142857,0.4285714285714285
1663,0.217391304347826,0.0,0.8260869565217391,0.1304347826086956,0.3478260869565217,0.391304347826087
1698,0.1904761904761904,0.0,0.4285714285714285,0.1428571428571428,0.5238095238095238,0.3333333333333333
1787,0.1333333333333333,0.0,0.5333333333333333,0.0666666666666666,0.2666666666666666,0.6666666666666666
1722,0.2638888888888889,0.1666666666666666,0.4722222222222222,0.25,0.3333333333333333,0.3333333333333333
1648,0.275,0.0,0.45,0.15,0.4,0.45
1613,0.25,0.3035714285714286,0.4821428571428571,0.25,0.375,0.2678571428571428
1645,0.2037037037037037,0.3518518518518518,0.5185185185185185,0.2407407407407407,0.2407407407407407,0.2592592592592592
1689,0.3,0.35,0.35,0.175,0.325,0.375
1771,0.3181818181818182,0.0,0.2727272727272727,0.2727272727272727,0.3636363636363636,0.3636363636363636
1706,0.3181818181818182,0.0,0.7272727272727273,0.2272727272727272,0.4545454545454545,0.2727272727272727
1678,0.2666666666666666,0.0,0.7666666666666667,0.1,0.4666666666666667,0.4333333333333333
1600,0.2321428571428571,0.0,0.4285714285714285,0.1785714285714285,0.3571428571428571,0.4285714285714285
1612,0.2631578947368421,0.0,0.5263157894736842,0.1578947368421052,0.631578947368421,0.2105263157894736
1663,0.3461538461538461,0.0,0.4615384615384615,0.0769230769230769,0.6923076923076923,0.2307692307692307
1662,0.1590909090909091,0.0,0.5909090909090909,0.2727272727272727,0.3636363636363636,0.3636363636363636
1717,0.2916666666666667,0.2222222222222222,0.6388888888888888,0.3333333333333333,0.3611111111111111,0.2777777777777778
1781,0.3478260869565217,0.0,0.6086956521739131,0.1739130434782608,0.4782608695652174,0.3478260869565217
1703,0.3958333333333333,0.0416666666666666,0.8333333333333334,0.2083333333333333,0.5416666666666666,0.25
1771,0.2647058823529412,0.0,0.7058823529411765,0.2647058823529412,0.2941176470588235,0.3823529411764705
1622,0.2916666666666667,0.0,0.7916666666666666,0.25,0.4583333333333333,0.1666666666666666
1602,0.23,0.12,0.68,0.22,0.16,0.28
1758,0.1551724137931034,0.5632183908045977,0.3103448275862069,0.1149425287356321,0.1724137931034483,0.2413793103448276
1635,0.2558139534883721,0.4186046511627906,0.4418604651162791,0.3720930232558139,0.3023255813953488,0.2558139534883721
1687,0.1904761904761904,0.0,0.7619047619047619,0.1904761904761904,0.4285714285714285,0.2857142857142857
1635,0.4130434782608695,0.0,0.6956521739130435,0.1304347826086956,0.3478260869565217,0.217391304347826
1691,0.265625,0.0,0.5625,0.15625,0.40625,0.3125
1620,0.3333333333333333,0.0909090909090909,0.5757575757575758,0.303030303030303,0.3636363636363636,0.303030303030303
1799,0.3333333333333333,0.4615384615384615,0.3333333333333333,0.2051282051282051,0.4102564102564102,0.3333333333333333
1606,0.2352941176470588,0.0,0.7941176470588235,0.4705882352941176,0.3235294117647059,0.2058823529411764
1657,0.217391304347826,0.0,0.4782608695652174,0.0434782608695652,0.4347826086956521,0.5217391304347826
1706,0.3055555555555556,0.3888888888888888,0.3611111111111111,0.1666666666666666,0.3055555555555556,0.4166666666666667
1600,0.42,0.0799999999999999,0.56,0.16,0.28,0.4
1730,0.2,0.5333333333333333,0.2666666666666666,0.25,0.1833333333333333,0.25
1796,0.2717391304347826,0.1956521739130434,0.5434782608695652,0.2391304347826087,0.2608695652173913,0.4347826086956521
1702,0.5483870967741935,0.4516129032258065,0.2903225806451613,0.2580645161290322,0.4193548387096774,0.3225806451612903
1755,0.225,0.0,0.5,0.1,0.45,0.45
1684,0.0909090909090909,0.0,1.0,0.0909090909090909,0.6363636363636364,0.2727272727272727
1730,0.0,0.0,1.0,0.0,0.0,1.0
1757,0.1666666666666666,0.0,0.5,0.3,0.3,0.4
1628,0.2586206896551724,0.0,0.7241379310344828,0.2758620689655172,0.4137931034482758,0.2758620689655172
1783,0.1875,0.0,0.59375,0.21875,0.34375,0.34375
1686,0.3333333333333333,0.0,0.7142857142857143,0.238095238095238,0.3809523809523809,0.3809523809523809
1744,0.2972972972972973,0.2432432432432432,0.4054054054054054,0.2702702702702703,0.2972972972972973,0.3513513513513513
1669,0.1724137931034483,0.0,0.5862068965517241,0.3103448275862069,0.2758620689655172,0.3793103448275862
1635,0.2083333333333333,0.0,0.75,0.2083333333333333,0.3333333333333333,0.375
1677,0.3958333333333333,0.0,0.6666666666666666,0.3333333333333333,0.375,0.25
1795,0.25,0.0,1.0,0.0,0.3333333333333333,0.6666666666666666
1727,0.3636363636363636,0.0,0.3636363636363636,0.1363636363636363,0.3636363636363636,0.5
1782,0.2368421052631578,0.0,0.631578947368421,0.1052631578947368,0.4210526315789473,0.4736842105263157
1759,0.2307692307692307,0.0,0.8076923076923077,0.4230769230769231,0.2692307692307692,0.3076923076923077
1695,0.2,0.0,0.825,0.35,0.35,0.275
1617,0.2291666666666666,0.0,0.75,0.25,0.1666666666666666,0.2916666666666667
1632,0.3571428571428571,0.0,0.5238095238095238,0.3333333333333333,0.1904761904761904,0.4761904761904761
1627,0.2580645161290322,0.5967741935483871,0.3064516129032258,0.2419354838709677,0.2096774193548387,0.3064516129032258
1668,0.2631578947368421,0.0,0.7894736842105263,0.1052631578947368,0.3157894736842105,0.4736842105263157
1708,0.3636363636363636,0.0,0.6363636363636364,0.0909090909090909,0.5454545454545454,0.2727272727272727
1605,0.4375,0.0,0.6875,0.25,0.5,0.25
1742,0.25,0.4285714285714286,0.3392857142857143,0.1428571428571428,0.3214285714285714,0.3035714285714285
1689,0.2672413793103448,0.6379310344827587,0.2241379310344827,0.293103448275862,0.2413793103448276,0.3620689655172414
1663,0.2222222222222222,0.4259259259259259,0.3333333333333333,0.4814814814814814,0.1481481481481481,0.3518518518518518
1753,0.2058823529411764,0.0,0.2941176470588235,0.1764705882352941,0.3529411764705882,0.4117647058823529
1666,0.2894736842105263,0.4210526315789473,0.5263157894736842,0.2456140350877192,0.2105263157894736,0.3684210526315789
1699,0.1428571428571428,0.0,0.1904761904761904,0.1904761904761904,0.4761904761904761,0.3333333333333333
1659,0.3260869565217391,0.0,0.6521739130434783,0.0434782608695652,0.6956521739130435,0.1739130434782608
1612,0.3085106382978723,0.3191489361702128,0.5957446808510638,0.425531914893617,0.2978723404255319,0.2765957446808511
1714,0.2,0.3666666666666667,0.3833333333333333,0.2833333333333333,0.25,0.1666666666666666
1675,0.375,0.0,0.5833333333333334,0.0,0.5,0.5
1640,0.1944444444444444,0.0,0.1111111111111111,0.1111111111111111,0.3333333333333333,0.5
1600,0.25,0.2826086956521739,0.5217391304347826,0.4782608695652174,0.2826086956521739,0.2391304347826087
1731,0.2763157894736842,0.2631578947368421,0.5263157894736842,0.3421052631578947,0.2105263157894736,0.2368421052631578
1603,0.2560975609756097,0.2926829268292683,0.4878048780487805,0.4878048780487805,0.2682926829268293,0.2439024390243902
1661,0.25,0.0,0.6875,0.28125,0.28125,0.4375
1732,0.2857142857142857,0.0,0.7857142857142857,0.2142857142857142,0.5357142857142857,0.25
1631,0.3157894736842105,0.3157894736842105,0.5526315789473685,0.3947368421052631,0.2894736842105263,0.2105263157894736
1660,0.2982456140350877,0.4736842105263158,0.3859649122807017,0.2280701754385964,0.3859649122807017,0.2807017543859649
1696,0.2941176470588235,0.0,0.5294117647058824,0.1176470588235294,0.4705882352941176,0.4117647058823529
1662,0.4137931034482758,0.2068965517241379,0.5172413793103449,0.2758620689655172,0.3448275862068966,0.3103448275862069
1603,0.2837837837837837,0.1891891891891891,0.6216216216216216,0.1621621621621621,0.4594594594594595,0.3243243243243243
1610,0.21875,0.46875,0.390625,0.4375,0.1875,0.21875
1753,0.125,0.0,1.0,0.375,0.5,0.125
1624,0.2941176470588235,0.0,0.5882352941176471,0.1176470588235294,0.4705882352941176,0.4117647058823529
1704,0.3918918918918919,0.2162162162162162,0.6486486486486487,0.1891891891891892,0.2432432432432432,0.2702702702702703
1701,0.3846153846153846,0.0,0.6153846153846154,0.0769230769230769,0.4615384615384615,0.2307692307692307
1652,0.3125,0.0,0.75,0.125,0.6875,0.1875
1718,0.2586206896551724,0.0,0.4827586206896552,0.2758620689655172,0.4137931034482758,0.2758620689655172
1617,0.2894736842105263,0.0,0.3684210526315789,0.2105263157894736,0.4736842105263157,0.3157894736842105
1638,0.2608695652173913,0.0,0.6956521739130435,0.391304347826087,0.2608695652173913,0.3478260869565217
1696,0.2361111111111111,0.0,0.6944444444444444,0.2777777777777778,0.2777777777777778,0.3888888888888889
1727,0.5,0.0,0.6428571428571429,0.2142857142857142,0.3571428571428571,0.4285714285714285
1707,0.4285714285714285,0.4,0.4,0.3714285714285714,0.3714285714285714,0.2571428571428571
1724,0.1909090909090909,0.4545454545454546,0.3818181818181818,0.3454545454545454,0.3454545454545454,0.1818181818181818
1716,0.2894736842105263,0.3157894736842105,0.3947368421052631,0.2631578947368421,0.3157894736842105,0.2894736842105263
1794,0.3,0.15,0.55,0.375,0.325,0.3
1652,0.3928571428571428,0.3095238095238095,0.5952380952380952,0.5476190476190477,0.238095238095238,0.2142857142857142
1718,0.2926829268292683,0.1707317073170732,0.3414634146341463,0.2926829268292683,0.3902439024390244,0.1951219512195122
1654,0.3,0.0,0.76,0.32,0.52,0.16
1623,0.325,0.0,0.7,0.05,0.5,0.25
1631,0.3863636363636363,0.0,0.5454545454545454,0.1818181818181818,0.3636363636363636,0.4545454545454545
1692,0.34375,0.125,0.625,0.15625,0.3125,0.4375
1696,0.2941176470588235,0.0,0.5294117647058824,0.1176470588235294,0.4705882352941176,0.4117647058823529
1605,0.2625,0.05,0.85,0.4,0.2,0.325
1693,0.45,0.1666666666666666,0.5,0.3,0.3333333333333333,0.3333333333333333
1605,0.325,0.0,0.5,0.1,0.5,0.4
1696,0.2592592592592592,0.0,0.8518518518518519,0.2222222222222222,0.4444444444444444,0.3333333333333333
1602,0.2884615384615384,0.0,0.6153846153846154,0.1923076923076923,0.3846153846153846,0.3076923076923077
1743,0.4523809523809524,0.0,0.6666666666666666,0.238095238095238,0.3809523809523809,0.3809523809523809
1683,0.2272727272727272,0.0,0.7727272727272727,0.0454545454545454,0.6818181818181818,0.2727272727272727
1622,0.25,0.1666666666666666,0.5555555555555556,0.3055555555555556,0.2222222222222222,0.3888888888888889
1777,0.2872340425531915,0.574468085106383,0.3191489361702128,0.2340425531914893,0.2340425531914893,0.2340425531914893
1676,0.217391304347826,0.1956521739130434,0.5217391304347826,0.3043478260869565,0.3478260869565217,0.2826086956521739
1672,0.3055555555555556,0.0,0.6666666666666666,0.1111111111111111,0.4444444444444444,0.4444444444444444
1795,0.288135593220339,0.5254237288135593,0.3728813559322034,0.4576271186440678,0.2711864406779661,0.2711864406779661
1657,0.2131147540983606,0.3114754098360656,0.4918032786885246,0.2786885245901639,0.2950819672131147,0.3114754098360656
1611,0.3235294117647059,0.2352941176470588,0.3823529411764705,0.1470588235294117,0.3235294117647059,0.4117647058823529
1629,0.29,0.42,0.38,0.4,0.18,0.2
1678,0.3703703703703703,0.1481481481481481,0.4444444444444444,0.4444444444444444,0.2592592592592592,0.2592592592592592
1761,0.4,0.04,0.64,0.2,0.32,0.48
1650,0.25,0.564516129032258,0.3387096774193548,0.3064516129032258,0.1774193548387097,0.3387096774193548
1662,0.2884615384615384,0.0,0.6538461538461539,0.3076923076923077,0.3076923076923077,0.3846153846153846
1705,0.2777777777777778,0.0,0.6296296296296297,0.3333333333333333,0.3703703703703703,0.2962962962962963
1638,0.1931818181818181,0.0,0.5681818181818182,0.3636363636363636,0.2045454545454545,0.3636363636363636
1707,0.1851851851851851,0.0,0.5555555555555556,0.2222222222222222,0.5555555555555556,0.1851851851851851
1713,0.2558139534883721,0.1860465116279069,0.6744186046511628,0.4418604651162791,0.2558139534883721,0.2558139534883721
1645,0.2076923076923077,0.2307692307692307,0.3384615384615385,0.2769230769230769,0.3384615384615385,0.3076923076923077
1672,0.25,0.0,0.1428571428571428,0.0,0.6428571428571429,0.3571428571428571
1694,0.2413793103448276,0.5,0.2586206896551724,0.3793103448275862,0.1551724137931034,0.3793103448275862
1648,0.1428571428571428,0.0,0.2857142857142857,0.1428571428571428,0.4285714285714285,0.4285714285714285
1661,0.3125,0.0,0.125,0.0,0.5,0.5
1673,0.2272727272727272,0.0,0.2727272727272727,0.1818181818181818,0.2727272727272727,0.4545454545454545
1692,0.2166666666666666,0.0,0.3333333333333333,0.4333333333333333,0.2333333333333333,0.3
1662,0.375,0.0,0.25,0.0,0.5,0.5
1767,0.2352941176470588,0.0,0.4117647058823529,0.1176470588235294,0.5294117647058824,0.3529411764705882
1631,0.0555555555555555,0.0,1.0,0.0,0.6666666666666666,0.3333333333333333
1643,0.2647058823529412,0.0,0.3529411764705882,0.1764705882352941,0.3529411764705882,0.4705882352941176
1706,0.2678571428571428,0.0,0.6071428571428571,0.3214285714285714,0.3214285714285714,0.2857142857142857
1793,0.2592592592592592,0.0,0.5555555555555556,0.2592592592592592,0.5185185185185185,0.2222222222222222
1749,0.25,0.119047619047619,0.7380952380952381,0.3571428571428571,0.238095238095238,0.2857142857142857
1701,0.1911764705882352,0.0,0.7647058823529411,0.3235294117647059,0.2647058823529412,0.2647058823529412
1795,0.2678571428571428,0.0,0.6785714285714286,0.25,0.4642857142857143,0.2857142857142857
1616,0.2,0.3384615384615385,0.4923076923076923,0.0461538461538461,0.4923076923076923,0.2307692307692307
1605,0.27,0.42,0.42,0.28,0.28,0.28
1740,0.2051282051282051,0.0,0.7692307692307693,0.4615384615384615,0.2051282051282051,0.3333333333333333
1651,0.3055555555555556,0.0,0.5555555555555556,0.2222222222222222,0.4444444444444444,0.2222222222222222
1643,0.2142857142857142,0.0,0.238095238095238,0.0476190476190476,0.2857142857142857,0.5714285714285714
1738,0.4666666666666667,0.0,0.6666666666666666,0.2666666666666666,0.3333333333333333,0.4
1692,0.2307692307692307,0.5076923076923077,0.3076923076923077,0.1538461538461538,0.4461538461538462,0.2615384615384615
1601,0.2777777777777778,0.2222222222222222,0.6111111111111112,0.1944444444444444,0.2777777777777778,0.4444444444444444
1713,0.2692307692307692,0.1794871794871795,0.5641025641025641,0.282051282051282,0.358974358974359,0.2051282051282051
1649,0.4285714285714285,0.0,0.4761904761904761,0.1428571428571428,0.5238095238095238,0.3333333333333333
1618,0.2777777777777778,0.0,0.7407407407407407,0.2222222222222222,0.4074074074074074,0.1481481481481481
1734,0.2941176470588235,0.0,0.7058823529411765,0.0,0.4117647058823529,0.5882352941176471
1786,0.2321428571428571,0.0,0.5,0.1785714285714285,0.2857142857142857,0.4642857142857143
1666,0.288135593220339,0.5593220338983051,0.2203389830508474,0.3389830508474576,0.3389830508474576,0.288135593220339
1619,0.2678571428571428,0.0,0.75,0.2857142857142857,0.4285714285714285,0.2857142857142857
1710,0.6333333333333333,0.0666666666666666,0.5333333333333333,0.2,0.4666666666666667,0.3333333333333333
1606,0.2162162162162162,0.0,0.7027027027027027,0.2702702702702703,0.4054054054054054,0.2162162162162162
1730,0.1914893617021276,0.0,0.6382978723404256,0.2340425531914893,0.3617021276595745,0.2978723404255319
1706,0.2976190476190476,0.2380952380952381,0.4285714285714285,0.3095238095238095,0.3809523809523809,0.2619047619047619
1649,0.1111111111111111,0.0,1.0,0.0,0.4444444444444444,0.5555555555555556
1729,0.2741935483870967,0.0,0.8709677419354839,0.2580645161290322,0.2903225806451613,0.4193548387096774
1625,0.2647058823529412,0.0,0.6764705882352942,0.1764705882352941,0.5294117647058824,0.1764705882352941
1719,0.2307692307692307,0.1282051282051282,0.6923076923076923,0.4102564102564102,0.2051282051282051,0.3076923076923077
1663,0.1538461538461538,0.0,0.1538461538461538,0.0769230769230769,0.3076923076923077,0.6153846153846154
1659,0.44,0.12,0.6,0.16,0.64,0.2
1742,0.3333333333333333,0.0,0.2222222222222222,0.2222222222222222,0.5555555555555556,0.2222222222222222
1600,0.2619047619047619,0.0,0.4285714285714285,0.1904761904761904,0.4285714285714285,0.2857142857142857
1765,0.25,0.0,0.0833333333333333,0.0,0.75,0.25
1604,0.25,0.175,0.75,0.4,0.275,0.275
1775,0.2083333333333333,0.0,0.5,0.25,0.3333333333333333,0.4166666666666667
1792,0.19375,0.6375,0.1875,0.25,0.0875,0.1625
1771,0.3648648648648648,0.2972972972972972,0.4054054054054054,0.4594594594594595,0.2972972972972973,0.2432432432432432
1711,0.313953488372093,0.1627906976744185,0.7441860465116279,0.3488372093023256,0.1860465116279069,0.1627906976744186
1744,0.3888888888888889,0.074074074074074,0.7037037037037037,0.2222222222222222,0.4444444444444444,0.2592592592592592
1615,0.1470588235294117,0.0,0.1764705882352941,0.1176470588235294,0.3529411764705882,0.5294117647058824
1687,0.225,0.175,0.675,0.225,0.35,0.375
1650,0.2857142857142857,0.3142857142857143,0.4571428571428571,0.4857142857142857,0.3428571428571428,0.1714285714285714
1727,0.2071428571428571,0.5571428571428572,0.3,0.1285714285714285,0.2857142857142857,0.2285714285714285
1793,0.2083333333333333,0.3333333333333333,0.5666666666666667,0.1,0.3666666666666666,0.25
1796,0.3,0.0,0.56,0.24,0.28,0.48
1753,0.2428571428571428,0.0,0.8571428571428571,0.3142857142857143,0.2571428571428571,0.3142857142857143
1673,0.2571428571428571,0.0,0.6857142857142857,0.4,0.3714285714285714,0.2285714285714285
1674,0.2,0.0,0.2,0.0,0.7,0.3
1768,0.1590909090909091,0.0,0.2272727272727272,0.1818181818181818,0.4545454545454545,0.3636363636363636
1742,0.2604166666666667,0.25,0.625,0.4791666666666667,0.25,0.2083333333333333
1618,0.1842105263157894,0.0,0.8947368421052632,0.2105263157894736,0.4473684210526316,0.2894736842105263
1618,0.4583333333333333,0.0416666666666666,0.5833333333333334,0.125,0.5416666666666666,0.3333333333333333
1733,0.2571428571428571,0.0857142857142857,0.6,0.1714285714285714,0.4,0.4285714285714285
1740,0.2560975609756097,0.2682926829268293,0.6097560975609756,0.1463414634146341,0.3658536585365853,0.3170731707317073
1766,0.2833333333333333,0.0,0.6,0.1333333333333333,0.3666666666666666,0.3
1674,0.5,0.0,0.1666666666666666,0.0,0.3333333333333333,0.6666666666666666
1649,0.26,0.28,0.64,0.16,0.36,0.28
1778,0.1666666666666666,0.0,1.0,0.0666666666666666,0.6,0.3333333333333333
1689,0.2,0.0,0.56,0.16,0.36,0.48
1714,0.1428571428571428,0.0,0.2142857142857142,0.1428571428571428,0.3571428571428571,0.5
1750,0.2058823529411764,0.0,0.6470588235294118,0.4117647058823529,0.3235294117647059,0.2352941176470588
1695,0.2,0.2333333333333332,0.65,0.3,0.1,0.3
1635,0.25,0.0,0.25,0.0,0.5833333333333334,0.4166666666666667
1792,0.3043478260869565,0.0,0.4782608695652174,0.217391304347826,0.4347826086956521,0.3043478260869565
1670,0.2857142857142857,0.0,0.4642857142857143,0.2857142857142857,0.25,0.3928571428571428
1780,0.3333333333333333,0.1388888888888888,0.5833333333333334,0.2777777777777778,0.3888888888888889,0.3333333333333333
1601,0.217391304347826,0.0,0.4782608695652174,0.0434782608695652,0.2608695652173913,0.4782608695652174
1631,0.2058823529411764,0.5647058823529412,0.2705882352941176,0.188235294117647,0.4941176470588235,0.3058823529411765
1609,0.2941176470588235,0.0588235294117647,0.5,0.2941176470588235,0.3823529411764705,0.2941176470588235
1731,0.4142857142857143,0.3714285714285714,0.4571428571428571,0.2857142857142857,0.3714285714285714,0.3142857142857143
1735,0.2105263157894736,0.0,0.5789473684210527,0.1052631578947368,0.4210526315789473,0.4736842105263157
1798,0.3043478260869565,0.0,0.6086956521739131,0.2608695652173913,0.2608695652173913,0.4782608695652174
1640,0.3157894736842105,0.0,0.4210526315789473,0.1578947368421052,0.3157894736842105,0.4736842105263157
1731,0.1590909090909091,0.0,0.5454545454545454,0.0909090909090909,0.4090909090909091,0.4545454545454545
1679,0.32,0.0,0.48,0.2,0.4,0.4
1610,0.4,0.0666666666666666,0.7666666666666667,0.3666666666666666,0.3333333333333333,0.3
1600,0.25,0.0,0.5,0.0714285714285714,0.2857142857142857,0.6428571428571429
1787,0.5,0.0,1.0,0.0,0.6666666666666666,0.3333333333333333
1786,0.21875,0.0,0.4375,0.125,0.25,0.5625
1688,0.3611111111111111,0.0,0.6111111111111112,0.3888888888888889,0.3333333333333333,0.2777777777777778
1671,0.1987951807228915,0.5662650602409638,0.3253012048192771,0.3132530120481928,0.2771084337349397,0.1325301204819277
1641,0.2222222222222222,0.0,0.3888888888888889,0.1666666666666666,0.4444444444444444,0.3888888888888889
1750,0.1923076923076923,0.0,0.6153846153846154,0.3076923076923077,0.4230769230769231,0.2692307692307692
1796,0.2075471698113207,0.2452830188679244,0.4716981132075472,0.2830188679245283,0.2075471698113207,0.2830188679245283
1673,0.28,0.0,0.36,0.36,0.32,0.32
1798,0.5714285714285714,0.0,0.2857142857142857,0.0,0.8571428571428571,0.1428571428571428
1793,0.2115384615384615,0.0,0.6538461538461539,0.1923076923076923,0.3076923076923077,0.5
1712,0.1568627450980392,0.0,0.7058823529411765,0.3333333333333333,0.2156862745098039,0.2941176470588235
1628,0.2878787878787879,0.0606060606060605,0.696969696969697,0.2121212121212121,0.4242424242424242,0.3636363636363636
1615,0.1923076923076923,0.0,0.5,0.2692307692307692,0.3846153846153846,0.3461538461538461
1658,0.2307692307692307,0.0,0.5769230769230769,0.1538461538461538,0.4230769230769231,0.3846153846153846
1636,0.3421052631578947,0.0,0.631578947368421,0.1052631578947368,0.5789473684210527,0.3157894736842105
1675,0.2894736842105263,0.0,0.4736842105263157,0.2105263157894736,0.5263157894736842,0.2631578947368421
1680,0.275,0.25,0.425,0.45,0.225,0.325
1793,0.2142857142857142,0.0,0.7142857142857143,0.3142857142857143,0.3714285714285714,0.3142857142857143
1740,0.1753246753246753,0.5324675324675325,0.3896103896103896,0.3896103896103896,0.1038961038961039,0.2987012987012987
1741,0.2619047619047619,0.0,0.4761904761904761,0.1428571428571428,0.3809523809523809,0.4761904761904761
1606,0.2272727272727272,0.3272727272727272,0.5272727272727272,0.1454545454545454,0.3272727272727272,0.2363636363636363
1766,0.2446808510638297,0.127659574468085,0.6595744680851063,0.3191489361702128,0.2127659574468085,0.2765957446808511
1600,0.3958333333333333,0.0,0.5416666666666666,0.1666666666666666,0.4583333333333333,0.375
1674,0.2647058823529412,0.0588235294117647,0.5294117647058824,0.4117647058823529,0.2941176470588235,0.2941176470588235
1712,0.2363636363636363,0.3272727272727272,0.4181818181818181,0.3272727272727272,0.3818181818181818,0.2727272727272727
1658,0.3076923076923077,0.0,0.4615384615384615,0.3076923076923077,0.3846153846153846,0.2307692307692307
1702,0.4032258064516129,0.1935483870967742,0.6451612903225806,0.1290322580645161,0.4516129032258064,0.3870967741935484
1684,0.2282608695652173,0.1304347826086956,0.5652173913043478,0.1956521739130435,0.3695652173913043,0.4130434782608695
1730,0.3225806451612903,0.1290322580645161,0.6774193548387096,0.3225806451612903,0.1290322580645161,0.2903225806451613
1679,0.2454545454545454,0.5636363636363637,0.3636363636363636,0.4363636363636363,0.1454545454545454,0.3272727272727272
1791,0.2236842105263158,0.0,0.7631578947368421,0.2894736842105263,0.3684210526315789,0.2368421052631578
1715,0.3157894736842105,0.0,0.4210526315789473,0.2105263157894736,0.4736842105263157,0.2631578947368421
1657,0.2678571428571428,0.0,0.6785714285714286,0.3214285714285714,0.2857142857142857,0.3214285714285714
1688,0.1785714285714285,0.0,0.4285714285714285,0.1785714285714285,0.4285714285714285,0.3571428571428571
1701,0.3055555555555556,0.0,0.4444444444444444,0.3888888888888889,0.1666666666666666,0.4444444444444444
1662,0.2857142857142857,0.0,0.8095238095238095,0.2857142857142857,0.3333333333333333,0.3809523809523809
1675,0.4583333333333333,0.0416666666666666,0.6666666666666666,0.375,0.4166666666666667,0.2083333333333333
1713,0.1956521739130435,0.0,0.6956521739130435,0.1304347826086956,0.4347826086956521,0.391304347826087
1779,0.1705882352941176,0.5411764705882354,0.3176470588235294,0.4823529411764706,0.1294117647058823,0.1764705882352941
1738,0.25,0.0,0.5,0.0384615384615384,0.1923076923076923,0.6923076923076923
1732,0.25,0.0,0.3333333333333333,0.0833333333333333,0.4166666666666667,0.5
1725,0.25,0.0,0.59375,0.25,0.375,0.3125
1741,0.3478260869565217,0.0,0.8260869565217391,0.0869565217391304,0.4347826086956521,0.3478260869565217
1659,0.25,0.0,0.6666666666666666,0.3333333333333333,0.3333333333333333,0.1666666666666666
1721,0.2833333333333333,0.0,0.7,0.3333333333333333,0.3333333333333333,0.2666666666666666
1738,0.3269230769230769,0.0,0.6923076923076923,0.1923076923076923,0.3846153846153846,0.3076923076923077
1614,0.202127659574468,0.0,0.6382978723404256,0.1063829787234042,0.3191489361702128,0.3617021276595745
1753,0.3421052631578947,0.2894736842105263,0.5,0.1578947368421052,0.4210526315789473,0.3157894736842105
1618,0.3026315789473684,0.1578947368421053,0.631578947368421,0.5526315789473685,0.3157894736842105,0.131578947368421
1708,0.46,0.04,0.6,0.16,0.48,0.36
1743,0.4166666666666667,0.0,0.1666666666666666,0.3333333333333333,0.3333333333333333,0.3333333333333333
1609,0.3043478260869565,0.0,0.6086956521739131,0.217391304347826,0.4782608695652174,0.3043478260869565
1630,0.4230769230769231,0.1153846153846154,0.6538461538461539,0.3461538461538461,0.2692307692307692,0.3846153846153846
1730,0.2142857142857142,0.0,0.7142857142857143,0.3333333333333333,0.3809523809523809,0.1904761904761904
1757,0.25,0.1578947368421053,0.631578947368421,0.1842105263157894,0.3947368421052631,0.3157894736842105
1705,0.2708333333333333,0.0,0.625,0.2916666666666667,0.375,0.2916666666666667
1728,0.0,0.0,1.0,0.1428571428571428,0.2857142857142857,0.5714285714285714
1710,0.2647058823529412,0.0,0.7058823529411765,0.088235294117647,0.2647058823529412,0.4117647058823529
1781,0.4186046511627907,0.5813953488372092,0.2790697674418604,0.4186046511627907,0.2790697674418604,0.3023255813953488
1661,0.22,0.0,0.84,0.24,0.48,0.28
1778,0.3870967741935484,0.0967741935483871,0.4193548387096774,0.2903225806451613,0.2903225806451613,0.4193548387096774
1645,0.2580645161290322,0.4838709677419355,0.4032258064516129,0.3870967741935484,0.1774193548387097,0.3064516129032258
1648,0.3285714285714285,0.3142857142857143,0.3142857142857143,0.3142857142857143,0.2571428571428571,0.4
1691,0.3064516129032258,0.0,0.7096774193548387,0.1935483870967742,0.6129032258064516,0.1935483870967742
1600,0.2727272727272727,0.0,0.6818181818181818,0.0,0.5454545454545454,0.4545454545454545
1737,0.3636363636363636,0.0909090909090909,0.4242424242424242,0.2727272727272727,0.3636363636363636,0.3333333333333333
1644,0.2564102564102564,0.2564102564102564,0.4871794871794871,0.282051282051282,0.3076923076923077,0.3333333333333333
1643,0.1578947368421052,0.631578947368421,0.3026315789473684,0.2236842105263158,0.1184210526315789,0.1578947368421052
1645,0.26,0.0,0.64,0.12,0.48,0.36
1696,0.0,0.0,1.0,0.0,1.0,0.0
1643,0.3958333333333333,0.0,0.5,0.0833333333333333,0.625,0.2916666666666667
1655,0.2407407407407407,0.0,0.5555555555555556,0.4074074074074074,0.4074074074074074,0.1851851851851851
1692,0.2282608695652173,0.1521739130434782,0.7391304347826086,0.2391304347826087,0.4130434782608695,0.2608695652173913
1687,0.4696969696969697,0.2424242424242424,0.6363636363636364,0.303030303030303,0.3636363636363636,0.2121212121212121
1690,0.1379310344827586,0.0,0.6206896551724138,0.2586206896551724,0.5,0.2413793103448276
1660,0.2162162162162162,0.0,0.8378378378378378,0.4324324324324324,0.2432432432432432,0.3243243243243243
1602,0.3571428571428571,0.0,0.3571428571428571,0.2142857142857142,0.4285714285714285,0.3571428571428571
1718,0.2631578947368421,0.0,0.6842105263157895,0.1052631578947368,0.4210526315789473,0.4736842105263157
1693,0.25,0.0,0.5333333333333333,0.2666666666666666,0.3,0.4
1660,0.2833333333333333,0.0,0.8,0.2333333333333333,0.4,0.3666666666666666
1770,0.2272727272727272,0.0,0.2727272727272727,0.0,0.5454545454545454,0.4545454545454545
1723,0.2758620689655172,0.4137931034482759,0.3275862068965517,0.3448275862068966,0.3275862068965517,0.1724137931034483
1605,0.3928571428571428,0.0,0.4285714285714285,0.0714285714285714,0.4285714285714285,0.3571428571428571
1616,0.2368421052631578,0.0,0.868421052631579,0.3157894736842105,0.3684210526315789,0.2631578947368421
1638,0.2209302325581395,0.0232558139534884,0.7906976744186046,0.1860465116279069,0.2558139534883721,0.2325581395348837
1631,0.1428571428571428,0.0,1.0,0.0,0.5714285714285714,0.4285714285714285
1774,0.25,0.0,1.0,0.0,0.4,0.6
1654,0.2142857142857142,0.0,0.7857142857142857,0.0714285714285714,0.3928571428571428,0.3214285714285714
1740,0.2833333333333333,0.0,0.5333333333333333,0.2333333333333333,0.3,0.4
1605,0.2321428571428571,0.0,0.6071428571428571,0.2857142857142857,0.3928571428571428,0.3214285714285714
1740,0.2083333333333333,0.0,0.1666666666666666,0.0,0.6666666666666666,0.3333333333333333
1610,0.2833333333333333,0.0,0.6666666666666666,0.2666666666666666,0.4666666666666667,0.2666666666666666
1731,0.2878787878787879,0.0303030303030302,0.7575757575757576,0.3636363636363636,0.4848484848484848,0.1515151515151515
1605,0.2352941176470588,0.0,0.5294117647058824,0.3235294117647059,0.2647058823529412,0.3235294117647059
1702,0.1981132075471698,0.5094339622641509,0.3962264150943396,0.2452830188679245,0.1509433962264151,0.2452830188679245
1721,0.2234042553191489,0.0212765957446808,0.7872340425531915,0.425531914893617,0.2553191489361702,0.2765957446808511
1649,0.265625,0.0,0.59375,0.15625,0.40625,0.375
1636,0.4375,0.09375,0.65625,0.375,0.25,0.34375
1794,0.234375,0.0,0.53125,0.25,0.40625,0.34375
1695,0.2325581395348837,0.2325581395348837,0.6511627906976745,0.3953488372093023,0.3720930232558139,0.2093023255813953
1730,0.3043478260869565,0.3260869565217391,0.4782608695652174,0.3043478260869565,0.1956521739130435,0.2608695652173913
1727,0.328125,0.125,0.46875,0.1875,0.46875,0.34375
1659,0.2884615384615384,0.0,0.5,0.1538461538461538,0.5384615384615384,0.3076923076923077
1702,0.1574074074074074,0.0,0.7962962962962963,0.2962962962962963,0.3148148148148148,0.3148148148148148
1649,0.3333333333333333,0.0,0.5,0.125,0.5833333333333334,0.2916666666666667
1625,0.275,0.35,0.45,0.35,0.175,0.225
1714,0.35,0.0,0.3,0.0,0.6,0.4
1707,0.2647058823529412,0.088235294117647,0.7647058823529411,0.2647058823529412,0.2941176470588235,0.3235294117647059
1636,0.4038461538461538,0.0769230769230768,0.5769230769230769,0.2692307692307692,0.4230769230769231,0.3076923076923077
1708,0.375,0.0,0.125,0.0,0.875,0.125
1759,0.3035714285714285,0.0,0.6071428571428571,0.2857142857142857,0.25,0.4642857142857143
1650,0.4259259259259259,0.1111111111111111,0.4814814814814814,0.4074074074074074,0.3333333333333333,0.2592592592592592
1668,0.391304347826087,0.0,0.5217391304347826,0.3478260869565217,0.391304347826087,0.2608695652173913
1790,0.3333333333333333,0.1515151515151515,0.6666666666666666,0.4242424242424242,0.3636363636363636,0.2121212121212121
1787,0.2162162162162162,0.0,0.7837837837837838,0.3513513513513513,0.3243243243243243,0.2972972972972973
1748,0.2741935483870967,0.0,0.5806451612903226,0.1935483870967742,0.3225806451612903,0.3225806451612903
1648,0.2338709677419354,0.467741935483871,0.3709677419354839,0.1612903225806451,0.2741935483870967,0.3225806451612903
1670,0.3181818181818182,0.0,0.5909090909090909,0.3181818181818182,0.3636363636363636,0.3181818181818182
1756,0.25,0.0,0.6071428571428571,0.2857142857142857,0.4642857142857143,0.25
1654,0.2857142857142857,0.0,0.1428571428571428,0.0,0.7142857142857143,0.2857142857142857
1720,0.2638888888888889,0.0277777777777777,0.5833333333333334,0.1944444444444444,0.4444444444444444,0.3055555555555556
1641,0.2826086956521739,0.0,0.6521739130434783,0.1304347826086956,0.4347826086956521,0.4347826086956521
1621,0.25,0.0,0.3,0.3,0.4,0.3
1678,0.3888888888888889,0.0,0.3333333333333333,0.4444444444444444,0.3333333333333333,0.2222222222222222
1606,0.2094594594594594,0.5405405405405406,0.3783783783783784,0.2972972972972973,0.1756756756756756,0.2162162162162162
1788,0.25,0.0,0.6666666666666666,0.1111111111111111,0.6666666666666666,0.1666666666666666
