Player,Captures,Endgame,Middlegame,Major Pieces,Minor Pieces,Pawn
1951,0.4423076923076923,0.0769230769230768,0.6153846153846154,0.3461538461538461,0.2692307692307692,0.3076923076923077
1890,0.2282608695652173,0.3478260869565217,0.4347826086956521,0.391304347826087,0.2826086956521739,0.2826086956521739
1814,0.3214285714285714,0.0,0.5714285714285714,0.3214285714285714,0.3214285714285714,0.3214285714285714
1820,0.15,0.0,1.0,0.0,0.4,0.6
1872,0.27,0.4399999999999999,0.26,0.22,0.34,0.36
1997,0.3076923076923077,0.0,0.5769230769230769,0.2692307692307692,0.3076923076923077,0.4230769230769231
1810,0.1666666666666666,0.0,1.0,0.0,0.6666666666666666,0.3333333333333333
1916,0.3,0.3777777777777777,0.2666666666666666,0.2888888888888888,0.3555555555555555,0.3333333333333333
1830,0.2313432835820895,0.5074626865671642,0.3134328358208955,0.1940298507462686,0.2537313432835821,0.1791044776119403
1832,0.2394366197183098,0.5915492957746479,0.2112676056338028,0.2676056338028169,0.1830985915492957,0.380281690140845
1839,0.2234042553191489,0.1702127659574468,0.723404255319149,0.2553191489361702,0.3829787234042553,0.2765957446808511
1839,0.2083333333333333,0.0,0.0833333333333333,0.0833333333333333,0.5833333333333334,0.3333333333333333
1980,0.2830188679245283,0.4528301886792453,0.3018867924528302,0.4716981132075472,0.2075471698113207,0.2641509433962264
1929,0.1617647058823529,0.0,0.3823529411764705,0.1470588235294117,0.4411764705882353,0.4117647058823529
1830,0.2738095238095238,0.1666666666666666,0.5,0.3571428571428571,0.2857142857142857,0.238095238095238
1867,0.1666666666666666,0.0,0.7333333333333333,0.3333333333333333,0.4333333333333333,0.2333333333333333
1954,0.1810344827586207,0.2931034482758621,0.5689655172413793,0.1379310344827586,0.3103448275862069,0.3275862068965517
1822,0.5,0.0,0.5454545454545454,0.0909090909090909,0.7272727272727273,0.0909090909090909
1952,0.3,0.0,0.3333333333333333,0.1333333333333333,0.4,0.4666666666666667
1904,0.2631578947368421,0.1578947368421053,0.6052631578947368,0.3157894736842105,0.2105263157894736,0.4473684210526316
1817,0.2377049180327868,0.3442622950819672,0.4918032786885246,0.2131147540983606,0.2459016393442623,0.2786885245901639
1814,0.2558139534883721,0.0232558139534884,0.6046511627906976,0.2558139534883721,0.3488372093023256,0.3488372093023256
1971,0.2181818181818181,0.4727272727272728,0.3636363636363636,0.3090909090909091,0.1454545454545454,0.3454545454545454
1975,0.2333333333333333,0.0,0.6,0.2,0.4,0.4
1936,0.2435897435897435,0.0,0.7435897435897436,0.3333333333333333,0.2051282051282051,0.3333333333333333
1835,0.5,0.3870967741935484,0.4516129032258064,0.3548387096774194,0.3548387096774194,0.1612903225806451
1990,0.1333333333333333,0.0,0.4,0.1333333333333333,0.4,0.4666666666666667
1947,0.25,0.0,0.75,0.0833333333333333,0.4166666666666667,0.5
1864,0.28,0.0,0.64,0.24,0.48,0.2
1823,0.2105263157894736,0.0,0.7631578947368421,0.2894736842105263,0.3157894736842105,0.2894736842105263
1828,0.33,0.3399999999999999,0.46,0.24,0.42,0.22
1904,0.2019230769230769,0.0,0.8076923076923077,0.25,0.1538461538461538,0.25
1994,0.1666666666666666,0.0,0.2,0.2,0.5333333333333333,0.2666666666666666
1858,0.0714285714285714,0.0,1.0,0.0,0.4285714285714285,0.5714285714285714
1990,0.3833333333333333,0.1333333333333333,0.6333333333333333,0.2666666666666666,0.3333333333333333,0.4
1999,0.2549019607843137,0.3529411764705882,0.5294117647058824,0.1372549019607843,0.2745098039215686,0.3725490196078431
1962,0.2265625,0.328125,0.59375,0.203125,0.296875,0.25
1895,0.3269230769230769,0.0,0.8076923076923077,0.2692307692307692,0.3461538461538461,0.3846153846153846
1906,0.25,0.4038461538461538,0.4038461538461538,0.4038461538461538,0.1538461538461538,0.3076923076923077
1806,0.25,0.0,0.7058823529411765,0.3529411764705882,0.3235294117647059,0.2941176470588235
1823,0.1733333333333333,0.6666666666666667,0.24,0.0933333333333333,0.28,0.16
1884,0.2894736842105263,0.0,0.6842105263157895,0.2631578947368421,0.3157894736842105,0.3684210526315789
1884,0.1818181818181818,0.0,0.1818181818181818,0.1818181818181818,0.4545454545454545,0.3636363636363636
1947,0.2236842105263158,0.0,0.7631578947368421,0.4736842105263157,0.1052631578947368,0.2368421052631578
1843,0.1967213114754098,0.3770491803278688,0.3278688524590163,0.180327868852459,0.2459016393442623,0.2622950819672131
1911,0.2962962962962963,0.0,0.8148148148148148,0.3333333333333333,0.2222222222222222,0.4074074074074074
1924,0.3095238095238095,0.0,0.6666666666666666,0.238095238095238,0.238095238095238,0.5238095238095238
1991,0.2894736842105263,0.0,0.631578947368421,0.2105263157894736,0.3157894736842105,0.4736842105263157
1938,0.4117647058823529,0.0,0.7647058823529411,0.2352941176470588,0.4705882352941176,0.2941176470588235
1841,0.2788461538461538,0.4038461538461538,0.4230769230769231,0.0384615384615384,0.2115384615384615,0.3461538461538461
1970,0.180327868852459,0.360655737704918,0.3114754098360656,0.2622950819672131,0.2459016393442623,0.2459016393442623
1812,0.2560975609756097,0.1463414634146341,0.7317073170731707,0.3414634146341463,0.3414634146341463,0.2926829268292683
1914,0.4761904761904761,0.0,0.6666666666666666,0.3333333333333333,0.4285714285714285,0.238095238095238
1893,0.2833333333333333,0.0,0.6,0.3333333333333333,0.3666666666666666,0.3
1998,0.0961538461538461,0.0,0.2307692307692307,0.0769230769230769,0.4230769230769231,0.5
1868,0.2407407407407407,0.2592592592592593,0.4629629629629629,0.2592592592592592,0.2407407407407407,0.2777777777777778
1967,0.4642857142857143,0.0,0.5,0.3571428571428571,0.2857142857142857,0.3571428571428571
1833,0.2631578947368421,0.0,0.2631578947368421,0.2631578947368421,0.4210526315789473,0.3157894736842105
1852,0.2338709677419354,0.3387096774193548,0.5806451612903226,0.2258064516129032,0.3870967741935484,0.2903225806451613
1870,0.225,0.0,0.9,0.35,0.3,0.2
1835,0.3166666666666666,0.0666666666666666,0.7333333333333333,0.3,0.3333333333333333,0.3333333333333333
1812,0.3076923076923077,0.0,0.5384615384615384,0.1153846153846153,0.4230769230769231,0.4615384615384615
1979,0.2045454545454545,0.0,0.5909090909090909,0.2272727272727272,0.3181818181818182,0.3636363636363636
1845,0.2,0.0,1.0,0.0,0.6,0.4
1962,0.3333333333333333,0.0,0.5833333333333334,0.0833333333333333,0.4166666666666667,0.5
1973,0.25,0.0,0.7058823529411765,0.1764705882352941,0.3235294117647059,0.4705882352941176
1841,0.25,0.1666666666666666,0.625,0.3958333333333333,0.25,0.25
1930,0.3571428571428571,0.0571428571428571,0.8,0.2285714285714285,0.3428571428571428,0.2857142857142857
1876,0.173469387755102,0.0,0.7346938775510204,0.2857142857142857,0.4081632653061224,0.2857142857142857
1876,0.2840909090909091,0.3181818181818182,0.4772727272727273,0.2727272727272727,0.25,0.2954545454545454
1865,0.1904761904761904,0.0,0.4761904761904761,0.2857142857142857,0.3809523809523809,0.2857142857142857
1910,0.4358974358974359,0.3333333333333333,0.5128205128205128,0.358974358974359,0.1794871794871795,0.4615384615384615
1975,0.2045454545454545,0.0,0.2272727272727272,0.1818181818181818,0.4545454545454545,0.3636363636363636
1803,0.22,0.0,0.16,0.36,0.28,0.36
1873,0.3,0.275,0.625,0.175,0.6,0.225
1933,0.2131147540983606,0.1639344262295081,0.4754098360655737,0.360655737704918,0.3114754098360656,0.2295081967213114
1951,0.2906976744186046,0.0930232558139535,0.5116279069767442,0.3255813953488372,0.3720930232558139,0.2790697674418604
1805,0.2878787878787879,0.0303030303030302,0.8181818181818182,0.2424242424242424,0.3939393939393939,0.2727272727272727
1855,0.2909090909090909,0.3272727272727272,0.3636363636363636,0.3818181818181818,0.2363636363636363,0.2363636363636363
1919,0.3043478260869565,0.4347826086956522,0.4782608695652174,0.2391304347826087,0.3695652173913043,0.3043478260869565
1866,0.1,0.0,1.0,0.2,0.5,0.3
1862,0.2179487179487179,0.0,0.8461538461538461,0.4615384615384615,0.3076923076923077,0.1794871794871795
1844,0.2241379310344827,0.0,0.5172413793103449,0.2413793103448276,0.3448275862068966,0.3793103448275862
1875,0.3421052631578947,0.2894736842105263,0.5526315789473685,0.2105263157894736,0.4473684210526316,0.3157894736842105
1977,0.4230769230769231,0.0,0.6923076923076923,0.0,0.3846153846153846,0.6153846153846154
1875,0.3333333333333333,0.0,0.6296296296296297,0.2222222222222222,0.3703703703703703,0.4074074074074074
1826,0.2236842105263158,0.0,0.631578947368421,0.2631578947368421,0.2368421052631578,0.2631578947368421
1940,0.2631578947368421,0.0,0.4736842105263157,0.2105263157894736,0.4210526315789473,0.3684210526315789
1966,0.140625,0.0,0.71875,0.28125,0.375,0.21875
1950,0.173076923076923,0.0,0.5769230769230769,0.3076923076923077,0.3461538461538461,0.3076923076923077
1869,0.3181818181818182,0.1212121212121212,0.3939393939393939,0.2424242424242424,0.303030303030303,0.4242424242424242
1809,0.2857142857142857,0.0,0.5238095238095238,0.2857142857142857,0.3809523809523809,0.3333333333333333
1929,0.2589285714285714,0.3035714285714286,0.4285714285714285,0.1964285714285714,0.4821428571428571,0.2857142857142857
1859,0.21875,0.0,0.90625,0.34375,0.34375,0.28125
1884,0.1875,0.0,1.0,0.0,0.625,0.25
1830,0.2375,0.0749999999999999,0.5,0.2,0.45,0.325
1924,0.1875,0.0,0.4375,0.0625,0.625,0.3125
1951,0.2115384615384615,0.0,0.3846153846153846,0.1923076923076923,0.4230769230769231,0.3846153846153846
1878,0.2560975609756097,0.073170731707317,0.7317073170731707,0.2926829268292683,0.3170731707317073,0.3170731707317073
1961,0.1666666666666666,0.3,0.45,0.1333333333333333,0.3666666666666666,0.25
1886,0.203125,0.0,0.59375,0.21875,0.3125,0.4375
1894,0.35,0.0,0.55,0.15,0.5,0.35
1944,0.2619047619047619,0.0,0.3809523809523809,0.1904761904761904,0.3809523809523809,0.4285714285714285
1987,0.0,0.0,1.0,0.0,0.0,1.0
1947,0.21875,0.0,0.6875,0.3125,0.375,0.3125
1882,0.4,0.0,0.6,0.2,0.3,0.5
1924,0.25,0.0,0.65625,0.3125,0.34375,0.3125
1988,0.1666666666666666,0.0,0.4166666666666667,0.0833333333333333,0.3333333333333333,0.5833333333333334
1926,0.34375,0.0,0.4375,0.0625,0.4375,0.5
1894,0.3181818181818182,0.0,0.1818181818181818,0.0,0.5454545454545454,0.4545454545454545
1939,0.3214285714285714,0.0,0.75,0.3928571428571428,0.2142857142857142,0.2142857142857142
1955,0.1969696969696969,0.0,0.7272727272727273,0.3333333333333333,0.3333333333333333,0.3333333333333333
1855,0.3157894736842105,0.2894736842105263,0.3947368421052631,0.4473684210526316,0.3421052631578947,0.2105263157894736
1878,0.26,0.0,0.6,0.12,0.6,0.24
1890,0.359375,0.09375,0.46875,0.25,0.40625,0.34375
1996,0.2959183673469387,0.3469387755102041,0.5306122448979592,0.3265306122448979,0.2653061224489796,0.2040816326530612
1946,0.15625,0.0,0.1875,0.0625,0.5625,0.375
1893,0.2666666666666666,0.0,0.4,0.3333333333333333,0.3333333333333333,0.3
1969,0.123076923076923,0.0,0.8461538461538461,0.2461538461538461,0.3384615384615385,0.1846153846153846
1894,0.3684210526315789,0.0,0.5263157894736842,0.1052631578947368,0.4210526315789473,0.4736842105263157
1868,0.0,0.0,1.0,0.125,0.0,0.875
1878,0.3043478260869565,0.0,0.6956521739130435,0.3043478260869565,0.2608695652173913,0.3478260869565217
1879,0.2708333333333333,0.4791666666666666,0.2916666666666667,0.1458333333333333,0.4166666666666667,0.3333333333333333
1955,0.2741935483870967,0.0,0.8709677419354839,0.1612903225806451,0.3548387096774194,0.3225806451612903
1916,0.1,0.0,1.0,0.2,0.4666666666666667,0.3333333333333333
1847,0.3823529411764705,0.0,0.4705882352941176,0.1176470588235294,0.5294117647058824,0.3529411764705882
1931,0.1739130434782608,0.0,0.6521739130434783,0.2391304347826087,0.3043478260869565,0.3043478260869565
1992,0.3409090909090909,0.0,0.8636363636363636,0.2272727272727272,0.2727272727272727,0.4545454545454545
1834,0.2916666666666667,0.0,0.6666666666666666,0.1666666666666666,0.25,0.4166666666666667
1866,0.1,0.0,1.0,0.2,0.4,0.4
1868,0.2446808510638297,0.2340425531914893,0.6170212765957447,0.3191489361702128,0.2340425531914893,0.2978723404255319
1849,0.1753246753246753,0.5324675324675325,0.3116883116883117,0.0519480519480519,0.4545454545454545,0.2337662337662337
1907,0.3125,0.0,0.125,0.0,0.25,0.75
1853,0.2558139534883721,0.2790697674418605,0.3953488372093023,0.1395348837209302,0.3023255813953488,0.3953488372093023
1913,0.3235294117647059,0.0,0.3529411764705882,0.2941176470588235,0.3529411764705882,0.3529411764705882
1957,0.2571428571428571,0.0,0.5142857142857142,0.3428571428571428,0.3142857142857143,0.3142857142857143
1830,0.375,0.0357142857142857,0.6428571428571429,0.4285714285714285,0.3571428571428571,0.1785714285714285
1833,0.2592592592592592,0.3888888888888888,0.5185185185185185,0.3148148148148148,0.3518518518518518,0.2777777777777778
1810,0.3,0.0,0.6666666666666666,0.3333333333333333,0.4,0.2666666666666666
1910,0.3225806451612903,0.032258064516129,0.5483870967741935,0.2580645161290322,0.3870967741935484,0.2903225806451613
1977,0.1753246753246753,0.5454545454545454,0.3246753246753247,0.2467532467532467,0.2077922077922078,0.2467532467532467
1841,0.3103448275862069,0.0,0.7241379310344828,0.2068965517241379,0.4482758620689655,0.3448275862068966
1812,0.2903225806451613,0.0,0.6451612903225806,0.2903225806451613,0.2580645161290322,0.3225806451612903
1859,0.3055555555555556,0.0,0.3888888888888889,0.1111111111111111,0.6111111111111112,0.2777777777777778
1801,0.3513513513513513,0.2702702702702703,0.3783783783783784,0.2432432432432432,0.3783783783783784,0.2702702702702703
1843,0.1607142857142857,0.5476190476190477,0.3095238095238095,0.25,0.1785714285714285,0.1785714285714285
1892,0.3541666666666667,0.0,0.625,0.25,0.3333333333333333,0.3333333333333333
1970,0.5277777777777778,0.0,0.8888888888888888,0.2777777777777778,0.2222222222222222,0.4444444444444444
1929,0.2,0.0,0.6857142857142857,0.3428571428571428,0.3428571428571428,0.3142857142857143
1962,0.25,0.0,0.625,0.34375,0.4375,0.21875
1902,0.3023255813953488,0.3023255813953488,0.4186046511627907,0.1860465116279069,0.4651162790697674,0.2790697674418604
1807,0.2692307692307692,0.0,0.3076923076923077,0.1538461538461538,0.3076923076923077,0.5384615384615384
1915,0.2941176470588235,0.0,0.4117647058823529,0.1176470588235294,0.3529411764705882,0.5294117647058824
1809,0.2295081967213114,0.3278688524590164,0.4426229508196721,0.3934426229508196,0.2295081967213114,0.3114754098360656
1813,0.2708333333333333,0.2291666666666666,0.5833333333333334,0.2708333333333333,0.3541666666666667,0.2708333333333333
1895,0.2586206896551724,0.0,0.4482758620689655,0.3103448275862069,0.4137931034482758,0.2758620689655172
1804,0.3555555555555555,0.3555555555555555,0.3333333333333333,0.3111111111111111,0.3777777777777777,0.2666666666666666
1938,0.4259259259259259,0.1111111111111111,0.7037037037037037,0.4074074074074074,0.1851851851851851,0.3703703703703703
1804,0.0,0.0,1.0,0.0,0.5,0.5
1806,0.238095238095238,0.0,0.4761904761904761,0.1428571428571428,0.3809523809523809,0.3333333333333333
1803,0.24,0.0,0.6,0.12,0.48,0.32
1942,0.1458333333333333,0.0,0.5,0.1666666666666666,0.2916666666666667,0.3333333333333333
1962,0.2586206896551724,0.0,0.6896551724137931,0.3793103448275862,0.3103448275862069,0.2758620689655172
1947,0.2407407407407407,0.0,0.4814814814814814,0.2962962962962963,0.3333333333333333,0.3703703703703703
1887,0.4166666666666667,0.0,0.2777777777777778,0.1111111111111111,0.4444444444444444,0.4444444444444444
1898,0.2625,0.1999999999999999,0.4,0.225,0.325,0.325
1921,0.2647058823529412,0.0,0.7647058823529411,0.1764705882352941,0.3823529411764705,0.2941176470588235
1875,0.2346938775510204,0.0816326530612244,0.4897959183673469,0.2244897959183673,0.4693877551020408,0.2244897959183673
1829,0.2638888888888889,0.0277777777777777,0.75,0.1944444444444444,0.3611111111111111,0.2222222222222222
1951,0.3846153846153846,0.0,0.3076923076923077,0.1538461538461538,0.5384615384615384,0.3076923076923077
1802,0.2407407407407407,0.0,0.6296296296296297,0.2222222222222222,0.3333333333333333,0.3703703703703703
1902,0.391304347826087,0.0,0.7391304347826086,0.1304347826086956,0.5652173913043478,0.3043478260869565
1877,0.3194444444444444,0.1944444444444444,0.5555555555555556,0.5833333333333334,0.2222222222222222,0.1666666666666666
1856,0.3103448275862069,0.0,0.7586206896551724,0.1724137931034483,0.3103448275862069,0.2068965517241379
1868,0.2777777777777778,0.1111111111111111,0.4444444444444444,0.25,0.3888888888888889,0.3333333333333333
1848,0.2625,0.125,0.6,0.2,0.375,0.2
1846,0.1973684210526315,0.0,0.5789473684210527,0.3421052631578947,0.3947368421052631,0.2368421052631578
1883,0.28125,0.0,0.6875,0.21875,0.46875,0.3125
1968,0.2280701754385964,0.5614035087719298,0.2807017543859649,0.4210526315789473,0.1228070175438596,0.2456140350877192
1844,0.3720930232558139,0.4418604651162791,0.3023255813953488,0.3953488372093023,0.1860465116279069,0.3488372093023256
1919,0.2037037037037037,0.0,0.4444444444444444,0.1851851851851851,0.4814814814814814,0.3333333333333333
1923,0.2,0.0,0.8666666666666667,0.1777777777777777,0.2666666666666666,0.3777777777777777
1975,0.2794117647058823,0.0588235294117647,0.6176470588235294,0.2941176470588235,0.3823529411764705,0.2352941176470588
1899,0.5,0.3125,0.46875,0.3125,0.34375,0.34375
1882,0.2553191489361702,0.2340425531914893,0.7021276595744681,0.1914893617021276,0.3404255319148936,0.2340425531914893
1911,0.1538461538461538,0.0,0.4615384615384615,0.0,0.5384615384615384,0.4615384615384615
1879,0.4230769230769231,0.0,0.4615384615384615,0.2307692307692307,0.5384615384615384,0.2307692307692307
1939,0.375,0.0,0.45,0.25,0.35,0.4
1978,0.3387096774193548,0.0,0.6129032258064516,0.1935483870967742,0.3225806451612903,0.4516129032258064
1970,0.2083333333333333,0.0,0.1666666666666666,0.0,0.4166666666666667,0.5833333333333334
1920,0.1964285714285714,0.0,0.5714285714285714,0.2142857142857142,0.3571428571428571,0.3571428571428571
1904,0.1891891891891892,0.4189189189189189,0.4054054054054054,0.3108108108108108,0.2027027027027027,0.1891891891891892
1841,0.2291666666666666,0.0,0.625,0.25,0.375,0.3333333333333333
1967,0.3333333333333333,0.1111111111111111,0.6388888888888888,0.4166666666666667,0.2777777777777778,0.3055555555555556
1870,0.2272727272727272,0.0,0.5,0.0454545454545454,0.2727272727272727,0.5
1994,0.1739130434782608,0.0,0.7391304347826086,0.217391304347826,0.3478260869565217,0.3478260869565217
1904,0.2592592592592592,0.0,0.7407407407407407,0.2222222222222222,0.4444444444444444,0.3333333333333333
1829,0.21875,0.25,0.5833333333333334,0.1666666666666666,0.4375,0.3125
1853,0.2894736842105263,0.2105263157894736,0.5789473684210527,0.1842105263157894,0.2894736842105263,0.2894736842105263
1834,0.2258064516129032,0.0,0.5806451612903226,0.3225806451612903,0.4193548387096774,0.2258064516129032
1970,0.4166666666666667,0.0,0.3333333333333333,0.25,0.4166666666666667,0.3333333333333333
1869,0.2441860465116279,0.1162790697674418,0.6976744186046512,0.1860465116279069,0.2790697674418604,0.3255813953488372
1951,0.2,0.2833333333333333,0.35,0.3833333333333333,0.2666666666666666,0.3166666666666666
1805,0.3333333333333333,0.0,0.2222222222222222,0.2222222222222222,0.4444444444444444,0.3333333333333333
1876,0.1971830985915492,0.5211267605633803,0.3380281690140845,0.1267605633802817,0.2253521126760563,0.2112676056338028
1891,0.2857142857142857,0.4693877551020408,0.2040816326530612,0.1224489795918367,0.2244897959183673,0.3877551020408163
1940,0.45,0.0,0.55,0.2,0.6,0.2
1891,0.2,0.3846153846153846,0.3230769230769231,0.1846153846153846,0.2615384615384615,0.2461538461538461
1929,0.2142857142857142,0.0,0.4285714285714285,0.1428571428571428,0.5,0.3571428571428571
1882,0.1666666666666666,0.0,0.3333333333333333,0.2592592592592592,0.3703703703703703,0.3703703703703703
1932,0.1637931034482758,0.1034482758620689,0.5344827586206896,0.293103448275862,0.3448275862068966,0.1379310344827586
1856,0.5,0.0799999999999999,0.68,0.36,0.36,0.28
1858,0.2692307692307692,0.0,0.6923076923076923,0.3461538461538461,0.2307692307692307,0.3846153846153846
1945,0.2884615384615384,0.0,0.8076923076923077,0.2307692307692307,0.2307692307692307,0.3076923076923077
1984,0.208955223880597,0.3283582089552238,0.5373134328358209,0.208955223880597,0.2537313432835821,0.2686567164179104
1858,0.26,0.0,0.6,0.36,0.24,0.36
1976,0.191860465116279,0.6511627906976745,0.2558139534883721,0.2441860465116279,0.3837209302325581,0.3023255813953488
1804,0.1907894736842105,0.6973684210526316,0.2236842105263158,0.1842105263157894,0.1842105263157894,0.2368421052631578
1881,0.2352941176470588,0.0,0.7058823529411765,0.1176470588235294,0.1764705882352941,0.6470588235294118
1834,0.4444444444444444,0.0,0.5555555555555556,0.2777777777777778,0.5,0.2222222222222222
1838,0.3055555555555556,0.0,0.4444444444444444,0.2777777777777778,0.3888888888888889,0.3333333333333333
1826,0.2416666666666666,0.5,0.4166666666666667,0.4,0.1333333333333333,0.3166666666666666
1908,0.3142857142857143,0.1714285714285713,0.4285714285714285,0.2,0.4285714285714285,0.3428571428571428
1943,0.4259259259259259,0.1851851851851852,0.4814814814814814,0.2222222222222222,0.3333333333333333,0.4074074074074074
1852,0.25,0.0,0.5833333333333334,0.2916666666666667,0.3333333333333333,0.375
1914,0.3235294117647059,0.0,0.7647058823529411,0.0588235294117647,0.6470588235294118,0.2941176470588235
1826,0.2972972972972973,0.1351351351351351,0.5405405405405406,0.3513513513513513,0.3243243243243243,0.2972972972972973
1983,0.3870967741935484,0.1935483870967742,0.4838709677419355,0.2903225806451613,0.3225806451612903,0.3548387096774194
1807,0.2916666666666667,0.0833333333333333,0.7222222222222222,0.3333333333333333,0.4166666666666667,0.2222222222222222
1809,0.2804878048780488,0.2926829268292683,0.4390243902439024,0.2682926829268293,0.2439024390243902,0.3658536585365853
1938,0.2894736842105263,0.0,0.8421052631578947,0.3157894736842105,0.2631578947368421,0.4210526315789473
1888,0.282051282051282,0.2307692307692307,0.4102564102564102,0.2307692307692307,0.4102564102564102,0.2564102564102564
1837,0.4166666666666667,0.0,0.1666666666666666,0.3333333333333333,0.5,0.1666666666666666
1911,0.25,0.0,0.8333333333333334,0.2916666666666667,0.4583333333333333,0.25
1991,0.2666666666666666,0.1111111111111111,0.6666666666666666,0.2666666666666666,0.3333333333333333,0.3111111111111111
1877,0.2282608695652173,0.4347826086956522,0.4130434782608695,0.3260869565217391,0.108695652173913,0.2826086956521739
1956,0.2105263157894736,0.368421052631579,0.4035087719298245,0.2982456140350877,0.2456140350877192,0.2631578947368421
1977,0.3076923076923077,0.0,0.6538461538461539,0.2307692307692307,0.4230769230769231,0.3461538461538461
1806,0.3181818181818182,0.303030303030303,0.5757575757575758,0.0909090909090909,0.5151515151515151,0.2121212121212121
1944,0.34,0.0,0.8,0.2,0.4,0.36
1800,0.25,0.0,0.5384615384615384,0.1923076923076923,0.5384615384615384,0.2692307692307692
1829,0.2222222222222222,0.0,0.5555555555555556,0.2777777777777778,0.3888888888888889,0.3333333333333333
1960,0.2272727272727272,0.0,0.6363636363636364,0.1515151515151515,0.4848484848484848,0.3636363636363636
1970,0.1379310344827586,0.0,0.6724137931034483,0.293103448275862,0.2758620689655172,0.293103448275862
1901,0.7307692307692307,0.0,0.6153846153846154,0.2307692307692307,0.4615384615384615,0.3076923076923077
1931,0.2413793103448276,0.0,0.5862068965517241,0.2068965517241379,0.4137931034482758,0.3793103448275862
1909,0.2575757575757575,0.0,0.7878787878787878,0.303030303030303,0.3333333333333333,0.3333333333333333
1800,0.2391304347826087,0.2826086956521739,0.5869565217391305,0.4565217391304347,0.1956521739130435,0.2391304347826087
1804,0.53125,0.0,0.5,0.1875,0.625,0.1875
1908,0.22,0.4599999999999999,0.36,0.3,0.26,0.26
1890,0.3783783783783784,0.4324324324324324,0.3243243243243243,0.2432432432432432,0.2972972972972973,0.4054054054054054
1868,0.4615384615384615,0.2307692307692307,0.5,0.1923076923076923,0.4230769230769231,0.3076923076923077
1833,0.3055555555555556,0.0,0.8333333333333334,0.2777777777777778,0.5,0.2222222222222222
1854,0.25,0.0,0.4444444444444444,0.1666666666666666,0.2222222222222222,0.5555555555555556
1930,0.3392857142857143,0.1785714285714286,0.5,0.3571428571428571,0.25,0.3928571428571428
1850,0.2926829268292683,0.2439024390243902,0.5853658536585366,0.1463414634146341,0.4634146341463415,0.1219512195121951
1968,0.1777777777777777,0.0,0.6888888888888889,0.2444444444444444,0.3777777777777777,0.2888888888888888
1877,0.2166666666666666,0.4,0.4333333333333333,0.0666666666666666,0.2833333333333333,0.3
1977,0.2857142857142857,0.3571428571428571,0.4047619047619047,0.1666666666666666,0.2619047619047619,0.4761904761904761
1833,0.2441860465116279,0.0465116279069767,0.5581395348837209,0.3255813953488372,0.3488372093023256,0.3255813953488372
1912,0.2948717948717949,0.1282051282051282,0.6410256410256411,0.282051282051282,0.3333333333333333,0.3333333333333333
1956,0.1875,0.0,0.75,0.15625,0.375,0.4375
1946,0.5227272727272727,0.0454545454545454,0.5909090909090909,0.3636363636363636,0.3636363636363636,0.2727272727272727
1850,0.2,0.0,0.3,0.0,0.5,0.5
1866,0.375,0.0,0.625,0.1875,0.375,0.1875
1923,0.1842105263157894,0.0,0.7368421052631579,0.2105263157894736,0.4210526315789473,0.3684210526315789
1826,0.1944444444444444,0.0,0.3888888888888889,0.1111111111111111,0.5,0.3888888888888889
1879,0.3333333333333333,0.0,0.75,0.1666666666666666,0.5,0.3333333333333333
1946,0.21875,0.0,0.59375,0.3125,0.34375,0.34375
1838,0.2826086956521739,0.0,0.6521739130434783,0.3043478260869565,0.4347826086956521,0.2608695652173913
1840,0.22,0.0999999999999999,0.64,0.26,0.2,0.3
1806,0.2083333333333333,0.0,0.0833333333333333,0.0833333333333333,0.4166666666666667,0.5
1837,0.32,0.0,0.52,0.32,0.28,0.24
1860,0.2111111111111111,0.0,0.8222222222222222,0.3777777777777777,0.1333333333333333,0.2222222222222222
1801,0.5,0.0,0.4166666666666667,0.25,0.4166666666666667,0.3333333333333333
1856,0.2222222222222222,0.1777777777777778,0.7111111111111111,0.4222222222222222,0.2222222222222222,0.2666666666666666
1874,0.21875,0.0,0.5625,0.28125,0.3125,0.375
1882,0.2272727272727272,0.0,0.6363636363636364,0.0,0.4545454545454545,0.5454545454545454
1927,0.2241379310344827,0.0,0.7241379310344828,0.3103448275862069,0.3793103448275862,0.3103448275862069
1987,0.52,0.0799999999999999,0.72,0.24,0.36,0.36
1865,0.2272727272727272,0.0,0.6818181818181818,0.1363636363636363,0.4545454545454545,0.3636363636363636
1809,0.2580645161290322,0.0,0.6774193548387096,0.1935483870967742,0.2580645161290322,0.3225806451612903
1827,0.2894736842105263,0.3947368421052631,0.4473684210526316,0.2105263157894736,0.5263157894736842,0.2105263157894736
1830,0.2419354838709677,0.0,0.8709677419354839,0.2903225806451613,0.4193548387096774,0.2903225806451613
1867,0.1891891891891892,0.5540540540540541,0.3648648648648648,0.1621621621621621,0.4189189189189189,0.2162162162162162
1984,0.176056338028169,0.3943661971830986,0.4929577464788732,0.1830985915492957,0.3098591549295774,0.2676056338028169
1898,0.2692307692307692,0.1025641025641025,0.6410256410256411,0.3076923076923077,0.3333333333333333,0.3333333333333333
1938,0.25,0.3333333333333333,0.4833333333333333,0.2833333333333333,0.35,0.25
1800,0.3625,0.3249999999999999,0.575,0.3,0.5,0.2
1942,0.234375,0.0,0.65625,0.09375,0.40625,0.5
1981,0.1944444444444444,0.0,0.5833333333333334,0.1944444444444444,0.4444444444444444,0.3333333333333333
1812,0.296875,0.0,0.71875,0.1875,0.46875,0.34375
1851,0.3235294117647059,0.0,0.4705882352941176,0.2352941176470588,0.4705882352941176,0.2941176470588235
1956,0.1935483870967742,0.0,0.9032258064516128,0.1935483870967742,0.5161290322580645,0.2580645161290322
1880,0.293103448275862,0.0,0.7931034482758621,0.1724137931034483,0.3793103448275862,0.4482758620689655
1815,0.0,0.0,1.0,0.0,0.6666666666666666,0.3333333333333333
1885,0.2375,0.15,0.7,0.225,0.375,0.35
1955,0.2424242424242424,0.0,0.6363636363636364,0.2727272727272727,0.303030303030303,0.3636363636363636
1994,0.1875,0.0,0.5416666666666666,0.375,0.2083333333333333,0.375
1841,0.2039473684210526,0.3552631578947368,0.3947368421052631,0.3684210526315789,0.2236842105263158,0.2894736842105263
1991,0.2647058823529412,0.0,0.5294117647058824,0.1176470588235294,0.5294117647058824,0.3529411764705882
1951,0.3235294117647059,0.2352941176470588,0.4411764705882353,0.1764705882352941,0.3529411764705882,0.3529411764705882
1857,0.2717391304347826,0.3478260869565217,0.1956521739130435,0.217391304347826,0.2826086956521739,0.3695652173913043
1847,0.2941176470588235,0.0,0.6470588235294118,0.0588235294117647,0.6470588235294118,0.2352941176470588
1910,0.25,0.0,0.5,0.1153846153846153,0.3461538461538461,0.4615384615384615
1986,0.1914893617021276,0.0638297872340425,0.5531914893617021,0.3617021276595745,0.4468085106382978,0.1914893617021276
1910,0.25,0.0,0.3,0.2,0.3,0.5
1931,0.2682926829268293,0.3414634146341463,0.3658536585365853,0.0975609756097561,0.5365853658536586,0.2439024390243902
1988,0.25,0.119047619047619,0.5476190476190477,0.2619047619047619,0.3809523809523809,0.3571428571428571
1828,0.34375,0.0,0.625,0.125,0.6875,0.1875
1973,0.2317073170731707,0.024390243902439,0.5609756097560976,0.2195121951219512,0.3658536585365853,0.3902439024390244
1844,0.3333333333333333,0.0,0.8333333333333334,0.375,0.4166666666666667,0.2083333333333333
1860,0.2361111111111111,0.0,0.5833333333333334,0.4444444444444444,0.3333333333333333,0.0833333333333333
1897,0.2837837837837837,0.0270270270270269,0.7567567567567568,0.3513513513513513,0.4054054054054054,0.1081081081081081
1925,0.2205882352941176,0.0,0.7058823529411765,0.4705882352941176,0.2647058823529412,0.2058823529411764
1932,0.2083333333333333,0.0,0.8611111111111112,0.3888888888888889,0.25,0.25
1939,0.1933333333333333,0.6533333333333333,0.28,0.2666666666666666,0.12,0.2533333333333333
1837,0.2777777777777778,0.1111111111111111,0.5555555555555556,0.2222222222222222,0.25,0.3888888888888889
1893,0.3076923076923077,0.0,0.8461538461538461,0.3846153846153846,0.3076923076923077,0.3076923076923077
1904,0.3571428571428571,0.0,0.1428571428571428,0.1428571428571428,0.5714285714285714,0.2857142857142857
1923,0.25,0.0,0.6153846153846154,0.3076923076923077,0.3076923076923077,0.3846153846153846
1835,0.275,0.0,0.4,0.2,0.35,0.35
1862,0.1578947368421052,0.0,0.6842105263157895,0.2631578947368421,0.3157894736842105,0.3157894736842105
1975,0.2428571428571428,0.0,0.8571428571428571,0.4571428571428571,0.3142857142857143,0.2
1810,0.2619047619047619,0.3809523809523809,0.4761904761904761,0.2619047619047619,0.2142857142857142,0.4047619047619047
1996,0.1959459459459459,0.4054054054054054,0.4324324324324324,0.3378378378378378,0.1216216216216216,0.2027027027027027
1903,0.1707317073170731,0.0,0.7560975609756098,0.3170731707317073,0.4146341463414634,0.1951219512195122
1953,0.1,0.0,1.0,0.1333333333333333,0.4,0.4666666666666667
1912,0.2647058823529412,0.0,0.6176470588235294,0.0588235294117647,0.4411764705882353,0.4411764705882353
1869,0.2608695652173913,0.1304347826086956,0.6739130434782609,0.4347826086956521,0.2608695652173913,0.2608695652173913
1907,0.1772151898734177,0.3291139240506329,0.5063291139240507,0.2658227848101265,0.3037974683544304,0.240506329113924
1912,0.175,0.0,0.5,0.15,0.1,0.6
1830,0.15,0.0,1.0,0.1,0.5,0.4
1822,0.2169811320754717,0.1886792452830188,0.6792452830188679,0.2641509433962264,0.2075471698113207,0.2452830188679245
1991,0.2391304347826087,0.2608695652173913,0.4782608695652174,0.3478260869565217,0.2391304347826087,0.3260869565217391
1978,0.2121212121212121,0.0,0.7272727272727273,0.0606060606060606,0.3333333333333333,0.303030303030303
1931,0.2058823529411764,0.0,0.3529411764705882,0.1176470588235294,0.4117647058823529,0.4117647058823529
1804,0.2272727272727272,0.0,0.5454545454545454,0.2272727272727272,0.2727272727272727,0.3636363636363636
1986,0.1818181818181818,0.0,0.7575757575757576,0.4545454545454545,0.2424242424242424,0.303030303030303
1859,0.2666666666666666,0.0666666666666666,0.7111111111111111,0.2222222222222222,0.4,0.3111111111111111
1866,0.18,0.0,0.24,0.08,0.44,0.48
1915,0.3518518518518518,0.0,0.7407407407407407,0.2222222222222222,0.2592592592592592,0.2962962962962963
1918,0.3695652173913043,0.0,0.3478260869565217,0.1304347826086956,0.4347826086956521,0.4347826086956521
1871,0.3333333333333333,0.0,0.6666666666666666,0.4166666666666667,0.25,0.3333333333333333
1879,0.3055555555555556,0.1666666666666666,0.6666666666666666,0.4444444444444444,0.2222222222222222,0.3055555555555556
1836,0.1984126984126984,0.4444444444444444,0.4603174603174603,0.1587301587301587,0.2539682539682539,0.2222222222222222
1880,0.3472222222222222,0.25,0.5555555555555556,0.3888888888888889,0.25,0.3055555555555556
1826,0.25,0.0,0.6538461538461539,0.1538461538461538,0.5769230769230769,0.2307692307692307
1897,0.0,0.0,1.0,0.5,0.0,0.5
1802,0.1923076923076923,0.0,0.2307692307692307,0.0769230769230769,0.4615384615384615,0.4615384615384615
1979,0.2191780821917808,0.547945205479452,0.273972602739726,0.1917808219178082,0.2191780821917808,0.2876712328767123
1933,0.2307692307692307,0.4230769230769231,0.4615384615384615,0.3461538461538461,0.173076923076923,0.3269230769230769
1938,0.2115384615384615,0.0,0.6153846153846154,0.2307692307692307,0.2692307692307692,0.4230769230769231
1939,0.3648648648648648,0.1081081081081081,0.6216216216216216,0.4324324324324324,0.3513513513513513,0.2162162162162162
1857,0.3043478260869565,0.0,0.6521739130434783,0.217391304347826,0.4782608695652174,0.217391304347826
1900,0.2272727272727272,0.0,0.1818181818181818,0.0,0.6363636363636364,0.3636363636363636
1806,0.25,0.0,0.5,0.375,0.375,0.25
1815,0.21875,0.0,0.71875,0.21875,0.3125,0.28125
1868,0.2857142857142857,0.0,0.8095238095238095,0.3333333333333333,0.4761904761904761,0.1904761904761904
1850,0.2285714285714285,0.0,0.8,0.3428571428571428,0.2857142857142857,0.2285714285714285
1990,0.3703703703703703,0.1111111111111111,0.5555555555555556,0.2962962962962963,0.5185185185185185,0.1851851851851851
1916,0.25,0.0263157894736841,0.7368421052631579,0.1578947368421052,0.3684210526315789,0.2894736842105263
1818,0.4545454545454545,0.0909090909090909,0.6363636363636364,0.2727272727272727,0.5,0.2272727272727272
1941,0.2916666666666667,0.0,0.4166666666666667,0.1666666666666666,0.4166666666666667,0.4166666666666667
1924,0.3095238095238095,0.0,0.7142857142857143,0.2857142857142857,0.3333333333333333,0.3809523809523809
1871,0.2321428571428571,0.0,0.4285714285714285,0.3214285714285714,0.3214285714285714,0.3214285714285714
1827,0.2659574468085106,0.4680851063829787,0.3404255319148936,0.4680851063829787,0.2340425531914893,0.2553191489361702
1981,0.217391304347826,0.0,0.3478260869565217,0.2608695652173913,0.3478260869565217,0.391304347826087
1837,0.2592592592592592,0.0,0.6666666666666666,0.2222222222222222,0.3703703703703703,0.4074074074074074
1836,0.26,0.0,0.72,0.2,0.32,0.48
1988,0.2327586206896551,0.5,0.3448275862068966,0.293103448275862,0.3275862068965517,0.3275862068965517
1985,0.1666666666666666,0.0,0.4761904761904761,0.1904761904761904,0.4285714285714285,0.3333333333333333
1859,0.2708333333333333,0.0,0.6666666666666666,0.0833333333333333,0.2916666666666667,0.4166666666666667
1866,0.3085106382978723,0.2553191489361702,0.2765957446808511,0.2765957446808511,0.3829787234042553,0.3191489361702128
1889,0.2333333333333333,0.0,0.7,0.3666666666666666,0.3666666666666666,0.2666666666666666
1877,0.2272727272727272,0.0,0.6060606060606061,0.3939393939393939,0.2727272727272727,0.303030303030303
1929,0.284313725490196,0.4705882352941176,0.3333333333333333,0.2352941176470588,0.1764705882352941,0.4117647058823529
1925,0.3333333333333333,0.282051282051282,0.4358974358974359,0.358974358974359,0.3076923076923077,0.282051282051282
1804,0.2719298245614035,0.5789473684210527,0.2631578947368421,0.1578947368421052,0.175438596491228,0.3508771929824561
1929,0.3039215686274509,0.5686274509803921,0.2549019607843137,0.4509803921568627,0.2941176470588235,0.2156862745098039
1919,0.125,0.0,0.3125,0.1875,0.375,0.4375
1986,0.234375,0.46875,0.359375,0.25,0.265625,0.203125
1804,0.3055555555555556,0.0,0.6111111111111112,0.2777777777777778,0.5,0.2222222222222222
1817,0.2638888888888889,0.1388888888888888,0.7222222222222222,0.1388888888888889,0.1944444444444444,0.3055555555555556
1887,0.35,0.1333333333333333,0.6,0.3333333333333333,0.3333333333333333,0.3333333333333333
1951,0.2560975609756097,0.1219512195121951,0.5853658536585366,0.2926829268292683,0.3658536585365853,0.2926829268292683
1916,0.1721311475409836,0.1967213114754098,0.6885245901639344,0.3934426229508196,0.2459016393442623,0.2459016393442623
1818,0.2428571428571428,0.0,0.6,0.2285714285714285,0.4571428571428571,0.2857142857142857
1886,0.1862745098039215,0.0392156862745097,0.7843137254901961,0.3725490196078431,0.2941176470588235,0.2745098039215686
1839,0.34375,0.03125,0.71875,0.46875,0.25,0.28125
1908,0.3181818181818182,0.0,0.8636363636363636,0.2272727272727272,0.2727272727272727,0.4090909090909091
1845,0.25,0.0,0.2272727272727272,0.0909090909090909,0.4090909090909091,0.5
1841,0.3095238095238095,0.0,0.6666666666666666,0.238095238095238,0.4285714285714285,0.2857142857142857
1862,0.2166666666666666,0.0,0.4333333333333333,0.1666666666666666,0.3333333333333333,0.4
1886,0.3,0.0,0.72,0.4,0.36,0.24
1924,0.2872340425531915,0.3829787234042553,0.4468085106382978,0.2553191489361702,0.2340425531914893,0.2978723404255319
1842,0.2777777777777778,0.0,0.5555555555555556,0.3333333333333333,0.4074074074074074,0.2592592592592592
1819,0.1588235294117647,0.5529411764705883,0.3647058823529411,0.4235294117647059,0.2352941176470588,0.1764705882352941
1928,0.3428571428571428,0.3714285714285714,0.3428571428571428,0.4285714285714285,0.3142857142857143,0.2571428571428571
1911,0.1753246753246753,0.1818181818181817,0.6363636363636364,0.5064935064935064,0.1298701298701298,0.2337662337662337
1984,0.2073170731707317,0.0,0.8048780487804879,0.3414634146341463,0.3658536585365853,0.2682926829268293
1956,0.3,0.0285714285714285,0.6571428571428571,0.3142857142857143,0.3714285714285714,0.2285714285714285
1935,0.2708333333333333,0.0,0.5,0.2083333333333333,0.2916666666666667,0.4166666666666667
1982,0.1842105263157894,0.0,0.4210526315789473,0.2105263157894736,0.2631578947368421,0.5263157894736842
1816,0.2361111111111111,0.0,0.8611111111111112,0.5,0.2777777777777778,0.2222222222222222
1801,0.1428571428571428,0.0,1.0,0.4285714285714285,0.2857142857142857,0.2857142857142857
1980,0.3333333333333333,0.0,0.7142857142857143,0.238095238095238,0.3809523809523809,0.2857142857142857
1962,0.25,0.0,0.6333333333333333,0.1666666666666666,0.4666666666666667,0.3666666666666666
1812,0.3125,0.425,0.275,0.25,0.4,0.35
1866,0.2142857142857142,0.0,0.7142857142857143,0.1428571428571428,0.5714285714285714,0.2857142857142857
1901,0.25,0.0,0.4,0.3,0.2333333333333333,0.4
1880,0.2272727272727272,0.0,0.6818181818181818,0.3181818181818182,0.4090909090909091,0.2272727272727272
1812,0.1944444444444444,0.0,0.2777777777777778,0.0555555555555555,0.6111111111111112,0.3333333333333333
1961,0.18,0.02,0.8,0.3,0.42,0.26
1849,0.28125,0.0,0.25,0.0625,0.5,0.4375
1883,0.25,0.0,0.5714285714285714,0.1071428571428571,0.5,0.3214285714285714
1869,0.3055555555555556,0.0,0.4444444444444444,0.1666666666666666,0.4444444444444444,0.3888888888888889
1861,0.25,0.0,0.75,0.0833333333333333,0.4166666666666667,0.5
1901,0.2083333333333333,0.0,0.0833333333333333,0.0833333333333333,0.5,0.4166666666666667
1853,0.3064516129032258,0.0,0.6129032258064516,0.2258064516129032,0.3870967741935484,0.3225806451612903
1932,0.2115384615384615,0.0,0.5769230769230769,0.1153846153846153,0.3461538461538461,0.3846153846153846
1960,0.2222222222222222,0.0,0.6666666666666666,0.2222222222222222,0.5,0.2777777777777778
1808,0.3611111111111111,0.25,0.4166666666666667,0.3333333333333333,0.3055555555555556,0.3611111111111111
1942,0.2297297297297297,0.0,0.4864864864864865,0.4324324324324324,0.2432432432432432,0.3243243243243243
1978,0.2926829268292683,0.4634146341463414,0.4146341463414634,0.2682926829268293,0.2439024390243902,0.4146341463414634
1890,0.3666666666666666,0.0,0.4666666666666667,0.0,0.3333333333333333,0.6
1924,0.1779661016949152,0.2711864406779661,0.6271186440677966,0.3050847457627119,0.2711864406779661,0.2711864406779661
1972,0.2317073170731707,0.048780487804878,0.7073170731707317,0.3902439024390244,0.2926829268292683,0.1707317073170731
1925,0.2037037037037037,0.0,0.4444444444444444,0.2592592592592592,0.4814814814814814,0.2592592592592592
1983,0.24,0.0,0.76,0.16,0.28,0.28
1835,0.2195121951219512,0.0,0.8048780487804879,0.2195121951219512,0.2682926829268293,0.3170731707317073
1874,0.3076923076923077,0.0,0.5,0.3076923076923077,0.3461538461538461,0.2692307692307692
1916,0.2878787878787879,0.0303030303030302,0.7878787878787878,0.3333333333333333,0.3333333333333333,0.2727272727272727
1803,0.2777777777777778,0.0,0.8518518518518519,0.2222222222222222,0.2962962962962963,0.3703703703703703
1987,0.1901408450704225,0.4366197183098591,0.3380281690140845,0.352112676056338,0.1830985915492957,0.1971830985915492
1805,0.2,0.6,0.3076923076923077,0.0923076923076923,0.123076923076923,0.2769230769230769
1801,0.3064516129032258,0.0645161290322581,0.8064516129032258,0.3548387096774194,0.3870967741935484,0.2580645161290322
1812,0.2083333333333333,0.0416666666666666,0.7291666666666666,0.1875,0.2291666666666666,0.3333333333333333
1880,0.4193548387096774,0.0967741935483871,0.6451612903225806,0.3225806451612903,0.3870967741935484,0.2903225806451613
1986,0.2857142857142857,0.1142857142857143,0.7142857142857143,0.3714285714285714,0.2285714285714285,0.2857142857142857
1990,0.1982758620689655,0.3275862068965517,0.4137931034482758,0.2758620689655172,0.2241379310344827,0.2586206896551724
1827,0.2833333333333333,0.0,0.6666666666666666,0.2333333333333333,0.3333333333333333,0.4333333333333333
1966,0.1739130434782608,0.0,0.9130434782608696,0.3260869565217391,0.3260869565217391,0.3260869565217391
1858,0.26,0.0,0.6,0.36,0.24,0.36
1941,0.28125,0.0,0.6875,0.3125,0.375,0.3125
1961,0.328125,0.125,0.5,0.34375,0.28125,0.375
1884,0.375,0.0,0.5,0.3,0.35,0.3
1853,0.2631578947368421,0.0526315789473684,0.8157894736842105,0.3157894736842105,0.3421052631578947,0.2368421052631578
1829,0.1779661016949152,0.0677966101694915,0.6271186440677966,0.2372881355932203,0.2033898305084746,0.2372881355932203
1930,0.3653846153846153,0.0,0.7307692307692307,0.3846153846153846,0.3076923076923077,0.3076923076923077
1950,0.2439024390243902,0.048780487804878,0.5609756097560976,0.2682926829268293,0.3170731707317073,0.3170731707317073
1887,0.2659574468085106,0.2127659574468084,0.4468085106382978,0.3617021276595745,0.1702127659574468,0.3191489361702128
1839,0.1666666666666666,0.0,0.7,0.1,0.3,0.5333333333333333
1873,0.2297297297297297,0.0,0.7567567567567568,0.2432432432432432,0.3243243243243243,0.2702702702702703
1924,0.3181818181818182,0.0,0.6363636363636364,0.2727272727272727,0.2727272727272727,0.3636363636363636
1862,0.2236842105263158,0.0,0.5,0.1842105263157894,0.3157894736842105,0.4210526315789473
1860,0.3478260869565217,0.0,0.6086956521739131,0.1304347826086956,0.4347826086956521,0.217391304347826
1863,0.2083333333333333,0.0,0.625,0.375,0.1666666666666666,0.4166666666666667
1846,0.4444444444444444,0.5555555555555556,0.25,0.2222222222222222,0.4722222222222222,0.3055555555555556
1882,0.2241379310344827,0.0,0.6896551724137931,0.2758620689655172,0.4137931034482758,0.2413793103448276
1842,0.1428571428571428,0.0,0.5714285714285714,0.238095238095238,0.3333333333333333,0.2857142857142857
1968,0.2051282051282051,0.0,0.8205128205128205,0.3333333333333333,0.358974358974359,0.282051282051282
1849,0.2272727272727272,0.0,0.3636363636363636,0.1818181818181818,0.1818181818181818,0.5454545454545454
1842,0.625,0.0,0.25,0.0,0.5,0.5
1903,0.2321428571428571,0.0,0.5714285714285714,0.1785714285714285,0.4642857142857143,0.3571428571428571
1849,0.2666666666666666,0.2888888888888888,0.5111111111111111,0.2222222222222222,0.2888888888888888,0.2888888888888888
1878,0.1571428571428571,0.5428571428571429,0.3,0.1428571428571428,0.1857142857142857,0.2142857142857142
1801,0.2058823529411764,0.0,0.5882352941176471,0.0588235294117647,0.5294117647058824,0.4117647058823529
1913,0.3181818181818182,0.0,0.3636363636363636,0.0909090909090909,0.5454545454545454,0.3636363636363636
1886,0.25,0.4074074074074074,0.4629629629629629,0.2222222222222222,0.2222222222222222,0.1666666666666666
1810,0.275,0.0,0.6,0.25,0.35,0.35
1962,0.3333333333333333,0.0,0.7222222222222222,0.3888888888888889,0.3888888888888889,0.2222222222222222
1985,0.28125,0.2916666666666666,0.3958333333333333,0.4166666666666667,0.2291666666666666,0.25
1925,0.2653061224489796,0.4897959183673469,0.4081632653061224,0.1428571428571428,0.3061224489795918,0.2448979591836734
1946,0.1666666666666666,0.0,0.7272727272727273,0.2121212121212121,0.3636363636363636,0.4242424242424242
1996,0.1818181818181818,0.0,0.5,0.3636363636363636,0.2272727272727272,0.4090909090909091
1960,0.3409090909090909,0.0,0.6363636363636364,0.2727272727272727,0.2727272727272727,0.4545454545454545
1952,0.1696428571428571,0.0714285714285714,0.7142857142857143,0.1785714285714285,0.5357142857142857,0.2321428571428571
1950,0.2410714285714285,0.3392857142857143,0.4642857142857143,0.5178571428571429,0.1785714285714285,0.2321428571428571
1937,0.3295454545454545,0.4772727272727273,0.4318181818181818,0.2272727272727272,0.4318181818181818,0.2045454545454545
1890,0.3541666666666667,0.0,0.875,0.25,0.4583333333333333,0.2916666666666667
1908,0.2410714285714285,0.3928571428571429,0.4642857142857143,0.1071428571428571,0.4285714285714285,0.3571428571428571
1923,0.22,0.0,0.76,0.12,0.44,0.44
1912,0.3265306122448979,0.4489795918367347,0.2040816326530612,0.3061224489795918,0.2244897959183673,0.3061224489795918
1904,0.2954545454545454,0.0,0.7272727272727273,0.0909090909090909,0.4090909090909091,0.4090909090909091
1832,0.2941176470588235,0.3921568627450981,0.4117647058823529,0.3137254901960784,0.2352941176470588,0.3137254901960784
1883,0.3,0.0,0.5333333333333333,0.0,0.5333333333333333,0.4666666666666667
1872,0.2857142857142857,0.0,0.7619047619047619,0.0952380952380952,0.3809523809523809,0.4285714285714285
1939,0.2934782608695652,0.5434782608695652,0.2826086956521739,0.2608695652173913,0.4782608695652174,0.2391304347826087
1853,0.2647058823529412,0.0,0.5,0.2058823529411764,0.5,0.2647058823529412
1984,0.5277777777777778,0.0,0.7222222222222222,0.2777777777777778,0.3888888888888889,0.3333333333333333
1802,0.1354166666666666,0.0,0.6666666666666666,0.2083333333333333,0.4583333333333333,0.25
1858,0.28,0.0,0.8,0.24,0.48,0.2
1878,0.1975308641975308,0.5061728395061729,0.3580246913580246,0.419753086419753,0.1728395061728395,0.2962962962962963
1899,0.25,0.0,0.75,0.4166666666666667,0.25,0.3333333333333333
1915,0.2884615384615384,0.0,0.7307692307692307,0.1153846153846153,0.3461538461538461,0.4615384615384615
1897,0.25,0.4399999999999999,0.36,0.08,0.4,0.26
1873,0.2,0.0,0.4,0.2,0.4,0.4
1809,0.3064516129032258,0.0645161290322581,0.7096774193548387,0.1612903225806451,0.4838709677419355,0.3225806451612903
1904,0.2954545454545454,0.0,0.5,0.1363636363636363,0.4545454545454545,0.4090909090909091
1969,0.125,0.0,1.0,0.0,0.5,0.5
1995,0.1964285714285714,0.0,0.4285714285714285,0.1785714285714285,0.3571428571428571,0.4642857142857143
1965,0.2222222222222222,0.0888888888888889,0.7777777777777778,0.4444444444444444,0.2222222222222222,0.2444444444444444
1800,0.3,0.0333333333333333,0.5666666666666667,0.2666666666666666,0.4333333333333333,0.3
1935,0.3020833333333333,0.4791666666666666,0.3125,0.1666666666666666,0.2708333333333333,0.4166666666666667
1959,0.2575757575757575,0.0,0.4242424242424242,0.1818181818181818,0.3939393939393939,0.3939393939393939
1924,0.3378378378378378,0.2702702702702703,0.3513513513513513,0.2972972972972973,0.4324324324324324,0.2702702702702703
1924,0.1428571428571428,0.0,0.6428571428571429,0.0714285714285714,0.5,0.4285714285714285
1993,0.3076923076923077,0.0,0.7307692307692307,0.1538461538461538,0.3076923076923077,0.5
1887,0.2142857142857142,0.0,0.5357142857142857,0.3214285714285714,0.3928571428571428,0.2857142857142857
1976,0.3478260869565217,0.0,0.4782608695652174,0.217391304347826,0.4347826086956521,0.3043478260869565
1895,0.25,0.4666666666666667,0.3833333333333333,0.3166666666666666,0.25,0.2666666666666666
1878,0.1627906976744186,0.0,0.6046511627906976,0.2093023255813953,0.1627906976744186,0.3720930232558139
1946,0.1967213114754098,0.2295081967213115,0.6229508196721312,0.4098360655737705,0.2459016393442623,0.3278688524590163
1926,0.3,0.1999999999999999,0.5555555555555556,0.3333333333333333,0.2444444444444444,0.3555555555555555
1833,0.22,0.0,0.88,0.2,0.2,0.32
1920,0.2692307692307692,0.0,0.6153846153846154,0.0769230769230769,0.2307692307692307,0.6923076923076923
1850,0.2,0.0,0.2,0.0,0.4,0.5
1907,0.1238938053097345,0.7079646017699115,0.2035398230088495,0.3097345132743362,0.1238938053097345,0.1238938053097345
1820,0.4285714285714285,0.0,0.7142857142857143,0.2857142857142857,0.3571428571428571,0.3571428571428571
1990,0.2578125,0.640625,0.265625,0.296875,0.203125,0.28125
1876,0.2352941176470588,0.0,0.4705882352941176,0.1176470588235294,0.4117647058823529,0.4705882352941176
1878,0.2678571428571428,0.0,0.5357142857142857,0.2857142857142857,0.3214285714285714,0.2857142857142857
1831,0.2692307692307692,0.0,0.2307692307692307,0.0769230769230769,0.5384615384615384,0.3846153846153846
1936,0.1153846153846153,0.0,1.0,0.0769230769230769,0.3846153846153846,0.5384615384615384
1942,0.2166666666666666,0.4166666666666666,0.45,0.4333333333333333,0.2,0.3166666666666666
1941,0.2205882352941176,0.0,0.6764705882352942,0.1764705882352941,0.2647058823529412,0.4411764705882353
1806,0.1964285714285714,0.0,0.7142857142857143,0.2142857142857142,0.3928571428571428,0.3928571428571428
1980,0.21875,0.0,0.1875,0.0625,0.5,0.375
1914,0.1959459459459459,0.4864864864864865,0.4729729729729729,0.1621621621621621,0.3378378378378378,0.2702702702702703
1954,0.1590909090909091,0.0,0.5454545454545454,0.25,0.3863636363636363,0.2954545454545454
1818,0.3333333333333333,0.0,0.5833333333333334,0.5833333333333334,0.1666666666666666,0.25
1947,0.225,0.0,0.4,0.1,0.5,0.4
1976,0.2317073170731707,0.024390243902439,0.7560975609756098,0.2682926829268293,0.2926829268292683,0.4146341463414634
1831,0.1818181818181818,0.2909090909090909,0.509090909090909,0.2727272727272727,0.2181818181818181,0.2909090909090909
1832,0.2674418604651162,0.2558139534883721,0.3023255813953488,0.2558139534883721,0.3255813953488372,0.3023255813953488
1862,0.3125,0.375,0.5,0.125,0.35,0.3
1862,0.23,0.4599999999999999,0.24,0.12,0.36,0.28
1811,0.25,0.0,0.6153846153846154,0.2692307692307692,0.4615384615384615,0.2692307692307692
1851,0.25,0.0,0.5,0.3928571428571428,0.3214285714285714,0.2857142857142857
1801,0.234375,0.484375,0.34375,0.34375,0.1875,0.21875
1947,0.25,0.0,0.125,0.1875,0.375,0.4375
1803,0.25,0.1666666666666666,0.6666666666666666,0.3571428571428571,0.238095238095238,0.2857142857142857
1885,0.0,0.0,1.0,0.0,0.0,1.0
1818,0.1964285714285714,0.5,0.369047619047619,0.2023809523809523,0.3571428571428571,0.25
1820,0.288135593220339,0.3389830508474576,0.4406779661016949,0.3220338983050847,0.288135593220339,0.2203389830508474
1829,0.3571428571428571,0.0,0.1428571428571428,0.0,0.4285714285714285,0.5714285714285714
1945,0.3695652173913043,0.0,0.7391304347826086,0.217391304347826,0.4347826086956521,0.3478260869565217
1871,0.2462686567164179,0.582089552238806,0.3283582089552239,0.1044776119402985,0.2835820895522388,0.373134328358209
1954,0.2450980392156862,0.4509803921568627,0.4901960784313725,0.2941176470588235,0.196078431372549,0.3333333333333333
1812,0.3214285714285714,0.0,0.2857142857142857,0.2857142857142857,0.2142857142857142,0.5
1862,0.1111111111111111,0.0,1.0,0.0,0.4444444444444444,0.5555555555555556
1987,0.2962962962962963,0.0,0.8148148148148148,0.2592592592592592,0.3333333333333333,0.4074074074074074
1860,0.25,0.0,0.5,0.25,0.35,0.4
1967,0.2962962962962963,0.0,0.5185185185185185,0.2592592592592592,0.3333333333333333,0.3333333333333333
1996,0.25,0.0,0.375,0.1875,0.5625,0.25
1844,0.2540983606557377,0.5245901639344263,0.4262295081967213,0.2950819672131147,0.1967213114754098,0.2131147540983606
1806,0.3571428571428571,0.1142857142857143,0.6857142857142857,0.2285714285714285,0.5714285714285714,0.1714285714285714
1868,0.2435897435897435,0.0512820512820513,0.7435897435897436,0.1538461538461538,0.4102564102564102,0.3846153846153846
1930,0.3414634146341463,0.4390243902439024,0.2682926829268293,0.4146341463414634,0.2926829268292683,0.2439024390243902
1976,0.1714285714285714,0.5714285714285714,0.3285714285714285,0.4714285714285714,0.1571428571428571,0.1571428571428571
1873,0.1857142857142857,0.0,0.6571428571428571,0.1714285714285714,0.3428571428571428,0.4
1908,0.1733333333333333,0.5333333333333333,0.3333333333333333,0.3866666666666666,0.28,0.16
1838,0.1666666666666666,0.0,0.4285714285714285,0.0476190476190476,0.238095238095238,0.6190476190476191
1958,0.173076923076923,0.5512820512820513,0.3461538461538461,0.2948717948717949,0.1153846153846153,0.1666666666666666
1878,0.2818181818181818,0.4181818181818182,0.4363636363636363,0.3636363636363636,0.2909090909090909,0.3090909090909091
1956,0.2068965517241379,0.0,0.4482758620689655,0.2068965517241379,0.4482758620689655,0.3103448275862069
1882,0.2692307692307692,0.0,0.6923076923076923,0.2307692307692307,0.4615384615384615,0.3076923076923077
1821,0.3478260869565217,0.0,0.8260869565217391,0.3043478260869565,0.391304347826087,0.3043478260869565
1882,0.202127659574468,0.0,0.9148936170212766,0.2553191489361702,0.2553191489361702,0.1489361702127659
1903,0.2352941176470588,0.0,0.4117647058823529,0.0588235294117647,0.5294117647058824,0.4117647058823529
1895,0.2540983606557377,0.5573770491803278,0.3278688524590163,0.4262295081967213,0.1639344262295081,0.2459016393442623
1838,0.3,0.0,0.45,0.15,0.3,0.5
1905,0.18,0.0,0.4,0.16,0.56,0.28
1961,0.3152173913043478,0.3913043478260869,0.391304347826087,0.2826086956521739,0.1521739130434782,0.391304347826087
1925,0.1111111111111111,0.0,1.0,0.0,0.5555555555555556,0.4444444444444444
1941,0.1779661016949152,0.2372881355932203,0.4745762711864407,0.423728813559322,0.3050847457627119,0.2542372881355932
1822,0.2674418604651162,0.1860465116279069,0.4418604651162791,0.3488372093023256,0.2790697674418604,0.3023255813953488
1946,0.3888888888888889,0.037037037037037,0.5555555555555556,0.074074074074074,0.5185185185185185,0.3703703703703703
1905,0.1666666666666666,0.0,0.4166666666666667,0.0833333333333333,0.4166666666666667,0.5
1831,0.2647058823529412,0.0588235294117647,0.4117647058823529,0.2941176470588235,0.3235294117647059,0.3235294117647059
1881,0.3205128205128205,0.3589743589743589,0.5384615384615384,0.1538461538461538,0.5641025641025641,0.282051282051282
1879,0.4285714285714285,0.1785714285714286,0.4285714285714285,0.3214285714285714,0.4285714285714285,0.25
1858,0.34375,0.0625,0.71875,0.34375,0.3125,0.25
1873,0.2222222222222222,0.0,0.8333333333333334,0.1666666666666666,0.5,0.3333333333333333
1943,0.3103448275862069,0.0,0.6551724137931034,0.1724137931034483,0.3448275862068966,0.4482758620689655
1964,0.2159090909090909,0.0454545454545454,0.7954545454545454,0.4545454545454545,0.2045454545454545,0.25
1805,0.2058823529411764,0.25,0.6176470588235294,0.4558823529411764,0.1911764705882352,0.2794117647058823
1806,0.1702127659574468,0.0,0.8297872340425532,0.2765957446808511,0.3829787234042553,0.2765957446808511
1881,0.2205882352941176,0.0,0.4705882352941176,0.1764705882352941,0.3823529411764705,0.4117647058823529
1913,0.2804878048780488,0.1951219512195121,0.6341463414634146,0.2195121951219512,0.2682926829268293,0.2682926829268293
1834,0.1956521739130435,0.0,0.391304347826087,0.0869565217391304,0.4782608695652174,0.4347826086956521
1864,0.2934782608695652,0.217391304347826,0.6304347826086957,0.4347826086956521,0.2826086956521739,0.1956521739130435
1892,0.5,0.0454545454545454,0.5909090909090909,0.1818181818181818,0.5,0.2272727272727272
1874,0.1875,0.0,0.46875,0.3125,0.3125,0.375
1885,0.1969696969696969,0.0,0.5454545454545454,0.2424242424242424,0.3333333333333333,0.4242424242424242
1910,0.203125,0.0,0.71875,0.3125,0.21875,0.4375
1929,0.1712328767123287,0.4383561643835616,0.4383561643835616,0.410958904109589,0.1506849315068493,0.2054794520547945
1859,0.225,0.0,0.4,0.15,0.45,0.4
1805,0.2058823529411764,0.0,0.5294117647058824,0.2352941176470588,0.3529411764705882,0.4117647058823529
1881,0.125,0.0,1.0,0.125,0.375,0.5
1827,0.0833333333333333,0.0,1.0,0.0,0.6666666666666666,0.3333333333333333
1848,0.3043478260869565,0.0,0.6521739130434783,0.217391304347826,0.4782608695652174,0.3043478260869565
1831,0.0,0.0,1.0,0.0,0.4,0.6
1971,0.3571428571428571,0.0,0.6428571428571429,0.1428571428571428,0.3571428571428571,0.5
1874,0.25,0.3333333333333333,0.5,0.1904761904761904,0.2142857142857142,0.3095238095238095
1873,0.225,0.0,0.4,0.2,0.5,0.3
1850,0.2295081967213114,0.6229508196721312,0.3278688524590163,0.0327868852459016,0.3770491803278688,0.2459016393442623
1960,0.4464285714285714,0.25,0.3928571428571428,0.1785714285714285,0.4642857142857143,0.2857142857142857
1888,0.2647058823529412,0.0588235294117647,0.5882352941176471,0.1764705882352941,0.3823529411764705,0.4117647058823529
1994,0.3783783783783784,0.2432432432432432,0.4054054054054054,0.2702702702702703,0.4324324324324324,0.2972972972972973
1802,0.2045454545454545,0.1136363636363636,0.7045454545454546,0.3863636363636363,0.3863636363636363,0.2045454545454545
1869,0.2352941176470588,0.0,0.7647058823529411,0.2352941176470588,0.3529411764705882,0.3235294117647059
1854,0.3103448275862069,0.0344827586206896,0.4827586206896552,0.3103448275862069,0.4137931034482758,0.2758620689655172
1821,0.3958333333333333,0.0,0.6666666666666666,0.2083333333333333,0.5,0.2916666666666667
1998,0.3787878787878788,0.1515151515151515,0.4545454545454545,0.303030303030303,0.4848484848484848,0.2121212121212121
1973,0.2241379310344827,0.0,0.7241379310344828,0.2758620689655172,0.3793103448275862,0.2758620689655172
1885,0.3243243243243243,0.081081081081081,0.4864864864864865,0.3243243243243243,0.3783783783783784,0.2972972972972973
1942,0.1944444444444444,0.0,0.7777777777777778,0.1666666666666666,0.4444444444444444,0.3888888888888889
1882,0.1764705882352941,0.0,0.7058823529411765,0.1764705882352941,0.4705882352941176,0.3529411764705882
1858,0.2962962962962963,0.0,0.6666666666666666,0.3333333333333333,0.2222222222222222,0.4444444444444444
1923,0.34,0.0,0.76,0.36,0.36,0.24
1832,0.3333333333333333,0.0,0.6666666666666666,0.1111111111111111,0.4814814814814814,0.2962962962962963
1821,0.3958333333333333,0.0,0.6666666666666666,0.2083333333333333,0.5,0.2916666666666667
1946,0.1666666666666666,0.0,0.7142857142857143,0.4523809523809524,0.2857142857142857,0.1904761904761904
1810,0.35,0.0666666666666666,0.6666666666666666,0.2666666666666666,0.4666666666666667,0.2666666666666666
1838,0.1428571428571428,0.0,0.5714285714285714,0.1428571428571428,0.238095238095238,0.4761904761904761
1885,0.234375,0.0,0.28125,0.21875,0.34375,0.40625
1837,0.238095238095238,0.0,0.3809523809523809,0.0952380952380952,0.6666666666666666,0.238095238095238
1950,0.1917808219178082,0.547945205479452,0.2876712328767123,0.4794520547945205,0.1917808219178082,0.1643835616438356
1964,0.3235294117647059,0.2941176470588235,0.5098039215686274,0.3725490196078431,0.3725490196078431,0.2352941176470588
1890,0.2666666666666666,0.0,0.7333333333333333,0.1333333333333333,0.3333333333333333,0.3333333333333333
1824,0.4166666666666667,0.0,0.375,0.2083333333333333,0.4583333333333333,0.25
1949,0.234375,0.0,0.5625,0.21875,0.40625,0.34375
1877,0.2166666666666666,0.0,0.6333333333333333,0.1,0.4333333333333333,0.4333333333333333
1927,0.2941176470588235,0.0,0.7647058823529411,0.2941176470588235,0.2941176470588235,0.4117647058823529
1911,0.2549019607843137,0.5490196078431373,0.2549019607843137,0.1372549019607843,0.2352941176470588,0.4509803921568627
1841,0.1041666666666666,0.0,0.2916666666666667,0.0833333333333333,0.5,0.375
1909,0.2653061224489796,0.5102040816326531,0.4285714285714285,0.1428571428571428,0.3469387755102041,0.3877551020408163
1866,0.25,0.0,0.7,0.0,0.65,0.35
1945,0.2241379310344827,0.0,0.6206896551724138,0.0344827586206896,0.3103448275862069,0.3793103448275862
1821,0.1973684210526315,0.0,0.6842105263157895,0.2631578947368421,0.3684210526315789,0.3157894736842105
1964,0.34,0.0,0.76,0.28,0.32,0.4
1886,0.4107142857142857,0.0714285714285714,0.5357142857142857,0.2142857142857142,0.5714285714285714,0.1785714285714285
1970,0.2685185185185185,0.5555555555555556,0.3148148148148148,0.3148148148148148,0.2037037037037037,0.2777777777777778
1811,0.1578947368421052,0.0,0.2631578947368421,0.2105263157894736,0.4210526315789473,0.3684210526315789
1885,0.2321428571428571,0.0,0.6428571428571429,0.25,0.3571428571428571,0.3571428571428571
1800,0.2741935483870967,0.0,0.5806451612903226,0.3548387096774194,0.3548387096774194,0.2258064516129032
1914,0.313953488372093,0.4186046511627906,0.3488372093023256,0.2790697674418604,0.2790697674418604,0.2558139534883721
1899,0.293103448275862,0.0,0.5862068965517241,0.1379310344827586,0.3103448275862069,0.3793103448275862
1986,0.2127659574468085,0.0212765957446808,0.4893617021276595,0.2127659574468085,0.425531914893617,0.3404255319148936
1806,0.2375,0.05,0.5,0.35,0.35,0.25
1833,0.1833333333333333,0.0,0.5,0.1666666666666666,0.3666666666666666,0.4666666666666667
1893,0.3620689655172414,0.2068965517241379,0.4827586206896552,0.3448275862068966,0.2758620689655172,0.2758620689655172
1990,0.3088235294117647,0.0,0.6764705882352942,0.2352941176470588,0.2352941176470588,0.2647058823529412
1809,0.2179487179487179,0.0,0.7948717948717948,0.3076923076923077,0.4615384615384615,0.2307692307692307
1973,0.325,0.0,0.6,0.3,0.3,0.3
1901,0.22,0.0,0.44,0.24,0.4,0.32
1987,0.2627118644067797,0.5254237288135593,0.4067796610169492,0.2542372881355932,0.2542372881355932,0.3220338983050847
1969,0.328125,0.15625,0.625,0.4375,0.34375,0.21875
1954,0.1764705882352941,0.0,0.2941176470588235,0.1764705882352941,0.2352941176470588,0.5294117647058824
1862,0.2916666666666667,0.0,0.25,0.0,0.5,0.5
1828,0.1296296296296296,0.0,0.3703703703703703,0.2592592592592592,0.2962962962962963,0.3703703703703703
1829,0.1707317073170731,0.4390243902439024,0.4268292682926829,0.3658536585365853,0.1219512195121951,0.1829268292682926
1891,0.2631578947368421,0.0,0.631578947368421,0.1578947368421052,0.631578947368421,0.2105263157894736
1888,0.2222222222222222,0.0,0.6666666666666666,0.2222222222222222,0.3703703703703703,0.4074074074074074
1809,0.3571428571428571,0.0714285714285714,0.5714285714285714,0.2857142857142857,0.3928571428571428,0.3214285714285714
1970,0.2608695652173913,0.0,0.5652173913043478,0.391304347826087,0.3478260869565217,0.2608695652173913
1856,0.2714285714285714,0.0857142857142857,0.5142857142857142,0.2,0.4285714285714285,0.3714285714285714
1990,0.25,0.4642857142857143,0.375,0.1964285714285714,0.3035714285714285,0.2857142857142857
1908,0.2246376811594203,0.5507246376811594,0.3478260869565217,0.144927536231884,0.4492753623188406,0.2463768115942029
1816,0.2941176470588235,0.0294117647058823,0.6764705882352942,0.1470588235294117,0.3823529411764705,0.3529411764705882
1973,0.3333333333333333,0.0,0.8571428571428571,0.1904761904761904,0.4285714285714285,0.3333333333333333
1810,0.2631578947368421,0.0,0.5263157894736842,0.1578947368421052,0.5789473684210527,0.2105263157894736
1873,0.3260869565217391,0.0,0.5652173913043478,0.2608695652173913,0.4347826086956521,0.3043478260869565
1980,0.2777777777777778,0.4888888888888889,0.3333333333333333,0.2444444444444444,0.3111111111111111,0.3777777777777777
1967,0.225,0.0,0.55,0.35,0.4,0.2
1834,0.3484848484848485,0.2121212121212121,0.4848484848484848,0.2121212121212121,0.3939393939393939,0.2727272727272727
1990,0.1833333333333333,0.0,0.6,0.1333333333333333,0.7,0.1666666666666666
1833,0.2837837837837837,0.081081081081081,0.7027027027027027,0.2162162162162162,0.2432432432432432,0.4864864864864865
1832,0.2179487179487179,0.6153846153846154,0.2692307692307692,0.4230769230769231,0.3076923076923077,0.2051282051282051
1923,0.2395833333333333,0.1875,0.6041666666666666,0.4166666666666667,0.2291666666666666,0.3333333333333333
1893,0.2678571428571428,0.0,0.6785714285714286,0.25,0.4642857142857143,0.2857142857142857
1916,0.2826086956521739,0.217391304347826,0.6956521739130435,0.3695652173913043,0.3695652173913043,0.2391304347826087
1866,0.313953488372093,0.2093023255813954,0.5116279069767442,0.3488372093023256,0.3488372093023256,0.2790697674418604
1822,0.25,0.025,0.875,0.25,0.4,0.3
1973,0.34375,0.0,0.8125,0.25,0.3125,0.4375
1904,0.2741935483870967,0.0,0.6129032258064516,0.1935483870967742,0.3225806451612903,0.4838709677419355
1805,0.6,0.0,0.2,0.0,0.4,0.6
1839,0.2037037037037037,0.0,0.3333333333333333,0.2222222222222222,0.3333333333333333,0.4444444444444444
1830,0.2105263157894736,0.0,0.5789473684210527,0.3684210526315789,0.3684210526315789,0.2631578947368421
1859,0.2666666666666666,0.0666666666666666,0.7111111111111111,0.2222222222222222,0.4,0.3111111111111111
1863,0.2448979591836734,0.5102040816326531,0.3061224489795918,0.4489795918367347,0.1632653061224489,0.3265306122448979
1880,0.4090909090909091,0.0,0.6363636363636364,0.3181818181818182,0.5,0.1818181818181818
1838,0.2203389830508474,0.4576271186440678,0.3220338983050847,0.3898305084745763,0.3559322033898305,0.1864406779661017
1902,0.2592592592592592,0.0,0.6666666666666666,0.4814814814814814,0.2222222222222222,0.2962962962962963
1871,0.2058823529411764,0.3137254901960784,0.4313725490196078,0.3137254901960784,0.2156862745098039,0.3529411764705882
1831,0.204225352112676,0.6338028169014085,0.1971830985915492,0.380281690140845,0.1126760563380281,0.2112676056338028
1865,0.2638888888888889,0.0277777777777777,0.75,0.3055555555555556,0.3055555555555556,0.3888888888888889
1863,0.1842105263157894,0.0,0.5789473684210527,0.2105263157894736,0.3684210526315789,0.4210526315789473
1826,0.0769230769230769,0.0,1.0,0.0769230769230769,0.2307692307692307,0.6153846153846154
1839,0.203125,0.0,0.6875,0.25,0.3125,0.3125
1940,0.2708333333333333,0.0,0.6666666666666666,0.2083333333333333,0.4166666666666667,0.375
1992,0.175438596491228,0.1929824561403509,0.7192982456140351,0.2456140350877192,0.5789473684210527,0.1578947368421052
1839,0.2307692307692307,0.0,0.3076923076923077,0.1538461538461538,0.3846153846153846,0.4615384615384615
1875,0.0,0.0,1.0,0.0,0.25,0.75
1860,0.26,0.0,0.76,0.16,0.52,0.32
1821,0.3461538461538461,0.0,0.4615384615384615,0.0,0.5384615384615384,0.4615384615384615
1978,0.2321428571428571,0.0,0.7857142857142857,0.25,0.2857142857142857,0.3571428571428571
1947,0.1969696969696969,0.0,0.8181818181818182,0.1515151515151515,0.5151515151515151,0.2424242424242424
1812,0.25,0.0,0.4545454545454545,0.1363636363636363,0.4090909090909091,0.4090909090909091
1832,0.2444444444444444,0.3777777777777777,0.4,0.4222222222222222,0.1777777777777777,0.3555555555555555
1969,0.4444444444444444,0.0,0.5555555555555556,0.2777777777777778,0.2222222222222222,0.5
1812,0.204225352112676,0.5070422535211268,0.2676056338028169,0.2816901408450704,0.2816901408450704,0.3098591549295774
1805,0.2391304347826087,0.0,0.7391304347826086,0.1304347826086956,0.3478260869565217,0.3043478260869565
1810,0.4,0.2333333333333332,0.5333333333333333,0.2,0.4333333333333333,0.3666666666666666
1844,0.1785714285714285,0.0,0.6428571428571429,0.2142857142857142,0.5,0.25
1829,0.2121212121212121,0.0,0.6060606060606061,0.2424242424242424,0.3939393939393939,0.3636363636363636
1959,0.2666666666666666,0.0,0.6333333333333333,0.3666666666666666,0.3,0.3
1998,0.2181818181818181,0.3090909090909091,0.6181818181818182,0.2909090909090909,0.2545454545454545,0.3090909090909091
1807,0.2166666666666666,0.0,0.7,0.3333333333333333,0.4333333333333333,0.2333333333333333
1905,0.2625,0.05,0.7,0.2,0.325,0.45
1835,0.1940298507462686,0.4925373134328358,0.417910447761194,0.1791044776119403,0.2238805970149253,0.208955223880597
1831,0.275,0.0,0.65,0.2,0.25,0.45
1818,0.1865671641791045,0.3582089552238806,0.4776119402985074,0.3134328358208955,0.208955223880597,0.1791044776119403
1970,0.2941176470588235,0.0,0.5294117647058824,0.2352941176470588,0.4705882352941176,0.2941176470588235
1808,0.1944444444444444,0.5694444444444444,0.3472222222222222,0.0555555555555555,0.2083333333333333,0.2083333333333333
1868,0.1896551724137931,0.0,0.5172413793103449,0.2758620689655172,0.3103448275862069,0.4137931034482758
1825,0.2857142857142857,0.0,0.75,0.25,0.3928571428571428,0.3214285714285714
1988,0.234375,0.0,0.6875,0.375,0.1875,0.375
1808,0.1666666666666666,0.0,0.4166666666666667,0.1666666666666666,0.3333333333333333,0.5
1890,0.5,0.0,0.6923076923076923,0.4615384615384615,0.2307692307692307,0.3076923076923077
1821,0.2592592592592592,0.0,0.5925925925925926,0.2962962962962963,0.4444444444444444,0.2592592592592592
1877,0.1805555555555555,0.0,0.6388888888888888,0.2777777777777778,0.3333333333333333,0.3888888888888889
1969,0.2545454545454545,0.4727272727272728,0.3636363636363636,0.3272727272727272,0.1272727272727272,0.2909090909090909
1868,0.3026315789473684,0.1052631578947368,0.3947368421052631,0.2368421052631578,0.3421052631578947,0.3947368421052631
1873,0.3275862068965517,0.1034482758620689,0.5517241379310345,0.3448275862068966,0.3793103448275862,0.2758620689655172
1836,0.1741573033707865,0.6179775280898876,0.3258426966292135,0.3595505617977528,0.1348314606741573,0.2359550561797752
1975,0.1637931034482758,0.0,0.6379310344827587,0.2758620689655172,0.3103448275862069,0.3275862068965517
1871,0.2352941176470588,0.0,0.6470588235294118,0.2352941176470588,0.3529411764705882,0.4117647058823529
1935,0.3548387096774194,0.1290322580645161,0.6129032258064516,0.3548387096774194,0.3225806451612903,0.2903225806451613
1863,0.1363636363636363,0.0,0.7575757575757576,0.2121212121212121,0.2121212121212121,0.5151515151515151
1800,0.1956521739130435,0.108695652173913,0.717391304347826,0.4782608695652174,0.3043478260869565,0.1956521739130435
1977,0.1896551724137931,0.4310344827586206,0.4482758620689655,0.2241379310344827,0.3448275862068966,0.1896551724137931
1859,0.2368421052631578,0.0,0.4736842105263157,0.2631578947368421,0.3157894736842105,0.3684210526315789
1866,0.2159090909090909,0.159090909090909,0.4318181818181818,0.3863636363636363,0.3181818181818182,0.2954545454545454
1896,0.26,0.0,0.44,0.24,0.28,0.48
1821,0.2333333333333333,0.1555555555555555,0.6444444444444445,0.3333333333333333,0.1333333333333333,0.3333333333333333
1864,0.1304347826086956,0.0,0.6086956521739131,0.1739130434782608,0.4782608695652174,0.3043478260869565
1858,0.1935483870967742,0.0,0.6774193548387096,0.3548387096774194,0.3870967741935484,0.2580645161290322
1973,0.2241379310344827,0.5172413793103448,0.2758620689655172,0.2068965517241379,0.1724137931034483,0.2413793103448276
1842,0.4333333333333333,0.1333333333333333,0.4666666666666667,0.2,0.2666666666666666,0.5
1839,0.25,0.0,0.6470588235294118,0.088235294117647,0.3529411764705882,0.4411764705882353
1906,0.2717391304347826,0.4347826086956522,0.4347826086956521,0.2608695652173913,0.4130434782608695,0.2391304347826087
1849,0.2051282051282051,0.0,0.6666666666666666,0.4102564102564102,0.2051282051282051,0.358974358974359
1970,0.0,0.0,1.0,0.0,0.5,0.5
1833,0.2045454545454545,0.0,0.5454545454545454,0.2272727272727272,0.2727272727272727,0.4545454545454545
1891,0.2321428571428571,0.0,0.4285714285714285,0.25,0.4285714285714285,0.25
1956,0.2631578947368421,0.0,0.631578947368421,0.1052631578947368,0.4736842105263157,0.4210526315789473
1907,0.5238095238095238,0.0476190476190476,0.6666666666666666,0.3809523809523809,0.3333333333333333,0.2857142857142857
1944,0.3333333333333333,0.0,0.625,0.4166666666666667,0.3333333333333333,0.25
1975,0.265625,0.0,0.75,0.46875,0.1875,0.28125
1911,0.3,0.0,0.76,0.2,0.44,0.32
1928,0.23,0.1999999999999999,0.58,0.28,0.18,0.42
1813,0.2714285714285714,0.0571428571428571,0.7142857142857143,0.4285714285714285,0.2857142857142857,0.2571428571428571
1817,0.1238938053097345,0.6991150442477876,0.2123893805309734,0.4778761061946903,0.0973451327433628,0.1592920353982301
1903,0.3,0.2888888888888888,0.5111111111111111,0.3555555555555555,0.3555555555555555,0.2666666666666666
1999,0.3157894736842105,0.0789473684210526,0.7105263157894737,0.1842105263157894,0.5,0.2368421052631578
1927,0.2410714285714285,0.2321428571428571,0.5178571428571429,0.3214285714285714,0.1785714285714285,0.375
1969,0.2222222222222222,0.0,0.3333333333333333,0.2222222222222222,0.3333333333333333,0.3888888888888889
1888,0.3,0.1142857142857143,0.6,0.1428571428571428,0.3428571428571428,0.4571428571428571
1877,0.2258064516129032,0.0,0.7741935483870968,0.2903225806451613,0.3870967741935484,0.2903225806451613
1989,0.234375,0.0,0.8125,0.4375,0.3125,0.21875
1912,0.2264150943396226,0.3018867924528302,0.3584905660377358,0.2452830188679245,0.490566037735849,0.1698113207547169
1808,0.1785714285714285,0.0,0.4285714285714285,0.1428571428571428,0.5,0.3571428571428571
1874,0.3658536585365853,0.4390243902439024,0.3902439024390244,0.2926829268292683,0.3658536585365853,0.2682926829268293
1879,0.2678571428571428,0.0,0.8214285714285714,0.2857142857142857,0.3928571428571428,0.2857142857142857
1886,0.3191489361702128,0.4893617021276596,0.2978723404255319,0.2765957446808511,0.1489361702127659,0.3404255319148936
1814,0.2857142857142857,0.2285714285714285,0.4,0.3428571428571428,0.2571428571428571,0.4
1819,0.453125,0.21875,0.59375,0.15625,0.59375,0.21875
1842,0.1428571428571428,0.0,0.1904761904761904,0.0,0.7619047619047619,0.238095238095238
1976,0.2222222222222222,0.0,0.8333333333333334,0.25,0.3888888888888889,0.2777777777777778
1952,0.2368421052631578,0.1842105263157895,0.4736842105263157,0.3421052631578947,0.3947368421052631,0.2631578947368421
1983,0.3478260869565217,0.0,0.6956521739130435,0.217391304347826,0.4782608695652174,0.3043478260869565
1812,0.2013888888888889,0.5277777777777778,0.4166666666666667,0.3611111111111111,0.1111111111111111,0.25
1802,0.3611111111111111,0.4166666666666666,0.3333333333333333,0.2777777777777778,0.3611111111111111,0.25
1915,0.3214285714285714,0.0,0.3571428571428571,0.2857142857142857,0.2857142857142857,0.2857142857142857
1805,0.2738095238095238,0.3095238095238095,0.3095238095238095,0.3333333333333333,0.1666666666666666,0.3333333333333333
1852,0.25,0.3,0.4833333333333333,0.1666666666666666,0.3166666666666666,0.35
1970,0.3333333333333333,0.2857142857142857,0.5238095238095238,0.3333333333333333,0.2857142857142857,0.3095238095238095
1985,0.2,0.3,0.45,0.3,0.4166666666666667,0.1833333333333333
1819,0.173076923076923,0.4615384615384615,0.2948717948717949,0.5128205128205128,0.2435897435897435,0.1153846153846153
1869,0.2,0.0,0.32,0.2,0.4,0.4
1822,0.1666666666666666,0.0,0.5833333333333334,0.25,0.4166666666666667,0.3333333333333333
1953,0.3541666666666667,0.0,0.7916666666666666,0.1666666666666666,0.5,0.3333333333333333
1952,0.1883116883116883,0.5584415584415585,0.3116883116883117,0.4025974025974026,0.1948051948051948,0.2597402597402597
1981,0.2542372881355932,0.4576271186440678,0.4745762711864407,0.3728813559322034,0.1525423728813559,0.3050847457627119
1817,0.2,0.0,0.2,0.1333333333333333,0.6,0.2666666666666666
1916,0.3478260869565217,0.0,0.6521739130434783,0.217391304347826,0.391304347826087,0.391304347826087
1812,0.3365384615384615,0.5192307692307692,0.3076923076923077,0.4423076923076923,0.3269230769230769,0.2115384615384615
1812,0.2083333333333333,0.0,0.4583333333333333,0.3333333333333333,0.4166666666666667,0.25
1815,0.2361111111111111,0.0,0.7222222222222222,0.2777777777777778,0.3333333333333333,0.3333333333333333
1881,0.2419354838709677,0.0,0.5161290322580645,0.3870967741935484,0.3548387096774194,0.2580645161290322
1846,0.1790123456790123,0.5555555555555556,0.2716049382716049,0.0617283950617283,0.2345679012345679,0.2716049382716049
1970,0.1785714285714285,0.0,0.75,0.1071428571428571,0.7142857142857143,0.1785714285714285
1949,0.1428571428571428,0.0,0.0714285714285714,0.2857142857142857,0.2857142857142857,0.4285714285714285
1823,0.28125,0.0,0.5,0.1875,0.25,0.5
1848,0.1907894736842105,0.5394736842105263,0.3157894736842105,0.1842105263157894,0.2368421052631578,0.25
1878,0.0,0.0,1.0,0.0,0.0,1.0
1874,0.2105263157894736,0.0,0.6842105263157895,0.3157894736842105,0.4210526315789473,0.2105263157894736
1881,0.375,0.0,0.5625,0.0,0.5,0.5
1896,0.2115384615384615,0.0,0.5,0.3076923076923077,0.4230769230769231,0.2692307692307692
1802,0.2352941176470588,0.0,0.4705882352941176,0.2352941176470588,0.3823529411764705,0.3529411764705882
1847,0.25,0.0,0.3333333333333333,0.25,0.2916666666666667,0.4583333333333333
1992,0.1949152542372881,0.2542372881355932,0.4576271186440678,0.135593220338983,0.4067796610169492,0.3220338983050847
1828,0.5,0.0,0.75,0.0833333333333333,0.5833333333333334,0.3333333333333333
1804,0.3,0.0,0.6666666666666666,0.0,0.5333333333333333,0.4666666666666667
1896,0.1761363636363636,0.6136363636363636,0.2613636363636363,0.4659090909090909,0.125,0.1590909090909091
1957,0.2571428571428571,0.0,0.5142857142857142,0.3428571428571428,0.3142857142857143,0.3142857142857143
1933,0.2254901960784313,0.1764705882352941,0.5882352941176471,0.3333333333333333,0.196078431372549,0.2745098039215686
1832,0.2666666666666666,0.0,0.3333333333333333,0.1333333333333333,0.4666666666666667,0.4
1874,0.1617647058823529,0.0,0.3235294117647059,0.2058823529411764,0.5,0.2941176470588235
1800,0.3846153846153846,0.0769230769230768,0.7307692307692307,0.3461538461538461,0.4615384615384615,0.1538461538461538
1887,0.48,0.1999999999999999,0.68,0.36,0.28,0.36
1871,0.2592592592592592,0.0,0.5555555555555556,0.1481481481481481,0.3333333333333333,0.4444444444444444
1806,0.2045454545454545,0.1818181818181817,0.6363636363636364,0.3863636363636363,0.3409090909090909,0.2727272727272727
1950,0.2058823529411764,0.0,0.2352941176470588,0.1176470588235294,0.4705882352941176,0.4117647058823529
1853,0.2878787878787879,0.0909090909090909,0.6060606060606061,0.2727272727272727,0.3939393939393939,0.1818181818181818
1805,0.1666666666666666,0.0,0.2857142857142857,0.0952380952380952,0.4761904761904761,0.4285714285714285
1898,0.4032258064516129,0.1935483870967742,0.5161290322580645,0.3870967741935484,0.4193548387096774,0.1935483870967742
1835,0.2272727272727272,0.3181818181818182,0.4772727272727273,0.25,0.25,0.3409090909090909
1862,0.2666666666666666,0.0,0.5333333333333333,0.2666666666666666,0.4333333333333333,0.2
1996,0.2121212121212121,0.0,0.5454545454545454,0.2121212121212121,0.3333333333333333,0.3939393939393939
1860,0.1388888888888889,0.0,0.2222222222222222,0.1666666666666666,0.5555555555555556,0.2777777777777778
1856,0.2794117647058823,0.0294117647058823,0.6764705882352942,0.1764705882352941,0.3823529411764705,0.4411764705882353
1852,0.2352941176470588,0.3725490196078431,0.5098039215686274,0.0980392156862745,0.3725490196078431,0.4509803921568627
1980,0.2432432432432432,0.081081081081081,0.5945945945945946,0.3783783783783784,0.1891891891891892,0.2972972972972973
1815,0.2432432432432432,0.0,0.7297297297297297,0.2702702702702703,0.2972972972972973,0.3243243243243243
1838,0.2,0.0,0.6,0.0,0.4,0.6
1859,0.1333333333333333,0.7142857142857143,0.238095238095238,0.5523809523809524,0.0857142857142857,0.1428571428571428
1970,0.28125,0.4583333333333333,0.4375,0.2291666666666666,0.25,0.3125
1830,0.1851851851851851,0.2222222222222222,0.4814814814814814,0.1666666666666666,0.4444444444444444,0.2037037037037037
1968,0.3225806451612903,0.1612903225806451,0.4838709677419355,0.4838709677419355,0.2580645161290322,0.2580645161290322
1906,0.1428571428571428,0.0,0.3333333333333333,0.238095238095238,0.3809523809523809,0.3809523809523809
1881,0.3333333333333333,0.0,0.7222222222222222,0.1111111111111111,0.5,0.3333333333333333
1833,0.1666666666666666,0.0,0.25,0.0,0.5,0.5
1874,0.2790697674418604,0.3720930232558139,0.4186046511627907,0.1395348837209302,0.4418604651162791,0.3488372093023256
1938,0.2777777777777778,0.0,0.7222222222222222,0.0,0.4444444444444444,0.3333333333333333
1921,0.2619047619047619,0.0,0.7142857142857143,0.0952380952380952,0.3333333333333333,0.3809523809523809
1888,0.2327586206896551,0.1551724137931034,0.603448275862069,0.4137931034482758,0.2758620689655172,0.293103448275862
1811,0.3068181818181818,0.3181818181818182,0.4090909090909091,0.2727272727272727,0.2954545454545454,0.2954545454545454
1990,0.3333333333333333,0.0,0.7916666666666666,0.25,0.5,0.2083333333333333
1959,0.2361111111111111,0.0,0.7777777777777778,0.2222222222222222,0.3611111111111111,0.3611111111111111
1998,0.2692307692307692,0.0,0.5,0.1923076923076923,0.4230769230769231,0.3461538461538461
1878,0.2037037037037037,0.0,0.5555555555555556,0.1851851851851851,0.4444444444444444,0.3703703703703703
1850,0.125,0.0,1.0,0.1,0.5,0.4
1982,0.25,0.4807692307692307,0.3076923076923077,0.2307692307692307,0.1923076923076923,0.3846153846153846
1859,0.1481481481481481,0.0,0.5185185185185185,0.2222222222222222,0.4814814814814814,0.2962962962962963
1974,0.2123287671232876,0.4383561643835616,0.4246575342465753,0.2876712328767123,0.3287671232876712,0.1643835616438356
1895,0.2692307692307692,0.3269230769230768,0.4423076923076923,0.3076923076923077,0.2307692307692307,0.3846153846153846
1981,0.234375,0.0,0.40625,0.21875,0.34375,0.34375
1834,0.303030303030303,0.0303030303030302,0.6666666666666666,0.2727272727272727,0.4848484848484848,0.2424242424242424
1949,0.3,0.0,0.8666666666666667,0.2333333333333333,0.5,0.2333333333333333
1934,0.2272727272727272,0.0,0.5,0.3181818181818182,0.2727272727272727,0.4090909090909091
1821,0.25,0.4,0.4333333333333333,0.15,0.2333333333333333,0.3666666666666666
1969,0.1864406779661017,0.0338983050847457,0.576271186440678,0.3559322033898305,0.2033898305084746,0.2711864406779661
1846,0.2361111111111111,0.0,0.8611111111111112,0.0833333333333333,0.4722222222222222,0.2777777777777778
1807,0.2065217391304347,0.0869565217391304,0.4782608695652174,0.3478260869565217,0.3478260869565217,0.2608695652173913
1872,0.3095238095238095,0.0,0.5714285714285714,0.1428571428571428,0.2857142857142857,0.5238095238095238
1817,0.2454545454545454,0.3090909090909091,0.5454545454545454,0.0545454545454545,0.4909090909090909,0.2363636363636363
1946,0.2058823529411764,0.0,0.6764705882352942,0.3235294117647059,0.3235294117647059,0.2941176470588235
1892,0.2674418604651162,0.1162790697674418,0.5116279069767442,0.4186046511627907,0.3488372093023256,0.2325581395348837
1806,0.2321428571428571,0.0,0.6071428571428571,0.1785714285714285,0.25,0.4642857142857143
1856,0.2641509433962264,0.4150943396226415,0.4150943396226415,0.2264150943396226,0.2830188679245283,0.2641509433962264
1941,0.2071428571428571,0.4857142857142857,0.3428571428571428,0.3857142857142857,0.1571428571428571,0.2285714285714285
1873,0.1944444444444444,0.4722222222222222,0.3333333333333333,0.3194444444444444,0.25,0.2638888888888889
1940,0.2894736842105263,0.1052631578947368,0.5263157894736842,0.3157894736842105,0.3157894736842105,0.3684210526315789
1914,0.234375,0.5,0.34375,0.34375,0.1875,0.296875
1843,0.1875,0.4444444444444444,0.4166666666666667,0.4305555555555556,0.1388888888888889,0.1805555555555555
1841,0.328125,0.09375,0.53125,0.28125,0.40625,0.28125
1858,0.3,0.0,0.76,0.08,0.6,0.32
1821,0.1833333333333333,0.0,0.8,0.2666666666666666,0.4,0.2333333333333333
1867,0.2826086956521739,0.3695652173913043,0.4565217391304347,0.3478260869565217,0.3260869565217391,0.2608695652173913
1802,0.1959459459459459,0.527027027027027,0.4189189189189189,0.1621621621621621,0.2702702702702703,0.1891891891891892
1892,0.0454545454545454,0.0,1.0,0.1818181818181818,0.4090909090909091,0.4090909090909091
1901,0.2037037037037037,0.0,0.5185185185185185,0.1111111111111111,0.5185185185185185,0.3333333333333333
1907,0.3421052631578947,0.0,0.5789473684210527,0.1578947368421052,0.3157894736842105,0.5263157894736842
1865,0.2222222222222222,0.0,0.3888888888888889,0.1111111111111111,0.2777777777777778,0.5
1836,0.1785714285714285,0.0,0.2857142857142857,0.0714285714285714,0.5,0.4285714285714285
1970,0.2954545454545454,0.4772727272727273,0.3863636363636363,0.3636363636363636,0.3409090909090909,0.2727272727272727
1952,0.2205882352941176,0.0,0.6764705882352942,0.2941176470588235,0.2647058823529412,0.2352941176470588
1880,0.2608695652173913,0.0,0.5652173913043478,0.217391304347826,0.4347826086956521,0.3478260869565217
1856,0.4166666666666667,0.0,0.5833333333333334,0.375,0.4166666666666667,0.2083333333333333
1985,0.125,0.0,0.4375,0.0625,0.5625,0.375
1909,0.3888888888888889,0.0,0.3888888888888889,0.1666666666666666,0.6111111111111112,0.2222222222222222
1917,0.2741935483870967,0.0,0.5161290322580645,0.1290322580645161,0.3548387096774194,0.3225806451612903
1865,0.2333333333333333,0.0,0.5333333333333333,0.1333333333333333,0.4666666666666667,0.4
1808,0.3148148148148148,0.0,0.5925925925925926,0.3333333333333333,0.3333333333333333,0.3333333333333333
1822,0.3958333333333333,0.0,0.5,0.2083333333333333,0.4583333333333333,0.3333333333333333
