Player,Captures,Endgame,Middlegame,Major Pieces,Minor Pieces,Pawn
2166,0.3255813953488372,0.4186046511627906,0.4418604651162791,0.2093023255813953,0.1860465116279069,0.4418604651162791
2131,0.22,0.4133333333333333,0.44,0.08,0.3866666666666666,0.3466666666666667
2014,0.25,0.0789473684210526,0.7368421052631579,0.5,0.2105263157894736,0.2368421052631578
2095,0.2195121951219512,0.3170731707317072,0.5121951219512195,0.3902439024390244,0.1707317073170731,0.3414634146341463
2067,0.25,0.0,0.65625,0.4375,0.28125,0.28125
2069,0.1825396825396825,0.5714285714285714,0.238095238095238,0.1587301587301587,0.3333333333333333,0.2539682539682539
2102,0.3484848484848485,0.0606060606060605,0.3939393939393939,0.2727272727272727,0.4848484848484848,0.2424242424242424
2145,0.1639344262295081,0.1475409836065574,0.5737704918032787,0.1311475409836065,0.5409836065573771,0.2131147540983606
2050,0.2419354838709677,0.0,0.6451612903225806,0.3870967741935484,0.4193548387096774,0.1612903225806451
2074,0.2013888888888889,0.4861111111111111,0.4444444444444444,0.2361111111111111,0.2361111111111111,0.1666666666666666
2011,0.1428571428571428,0.0,0.0714285714285714,0.0,0.4285714285714285,0.5714285714285714
2108,0.25,0.0,0.625,0.25,0.125,0.625
2147,0.3809523809523809,0.0,0.8095238095238095,0.1428571428571428,0.5714285714285714,0.2857142857142857
2005,0.3333333333333333,0.0333333333333333,0.5333333333333333,0.2666666666666666,0.4666666666666667,0.2333333333333333
2047,0.0,0.0,1.0,0.0,0.4444444444444444,0.5555555555555556
2046,0.1985294117647058,0.3823529411764705,0.4705882352941176,0.3235294117647059,0.1323529411764706,0.2352941176470588
2192,0.3928571428571428,0.0357142857142857,0.6428571428571429,0.4285714285714285,0.3214285714285714,0.25
2157,0.2321428571428571,0.0,0.6785714285714286,0.3571428571428571,0.3214285714285714,0.3214285714285714
2140,0.3181818181818182,0.0,0.4545454545454545,0.3181818181818182,0.4090909090909091,0.2727272727272727
2126,0.275,0.0,0.55,0.1,0.5,0.35
2048,0.2575757575757575,0.0,0.6363636363636364,0.2121212121212121,0.4545454545454545,0.2727272727272727
2081,0.0666666666666666,0.0,1.0,0.0,0.6,0.4
2020,0.2093023255813953,0.0,0.627906976744186,0.2093023255813953,0.3953488372093023,0.3255813953488372
2024,0.4230769230769231,0.0,0.3846153846153846,0.2307692307692307,0.5384615384615384,0.2307692307692307
2153,0.3225806451612903,0.2258064516129032,0.4838709677419355,0.2903225806451613,0.4516129032258064,0.2580645161290322
2103,0.2692307692307692,0.1025641025641025,0.5641025641025641,0.2307692307692307,0.358974358974359,0.3076923076923077
2145,0.3518518518518518,0.0,0.6666666666666666,0.2222222222222222,0.4444444444444444,0.2962962962962963
2037,0.6153846153846154,0.0,0.5384615384615384,0.2307692307692307,0.5384615384615384,0.2307692307692307
2003,0.1547619047619047,0.3571428571428571,0.5357142857142857,0.1071428571428571,0.4047619047619047,0.1904761904761904
2054,0.375,0.25,0.5833333333333334,0.4722222222222222,0.1944444444444444,0.2222222222222222
2005,0.2049180327868852,0.2950819672131147,0.6229508196721312,0.1639344262295081,0.4098360655737705,0.2295081967213114
2072,0.25,0.0,0.5555555555555556,0.1666666666666666,0.5555555555555556,0.2777777777777778
2038,0.1971830985915492,0.4225352112676056,0.3661971830985915,0.323943661971831,0.3098591549295774,0.2253521126760563
2198,0.4130434782608695,0.0434782608695651,0.5652173913043478,0.1739130434782608,0.4347826086956521,0.3478260869565217
2151,0.2454545454545454,0.3636363636363636,0.3636363636363636,0.1454545454545454,0.3454545454545454,0.4181818181818181
2058,0.1956521739130435,0.5217391304347826,0.391304347826087,0.1304347826086956,0.4202898550724637,0.1884057971014492
2193,0.2127659574468085,0.0,0.723404255319149,0.3191489361702128,0.2340425531914893,0.3191489361702128
2029,0.25,0.0,0.6666666666666666,0.1666666666666666,0.5666666666666667,0.1333333333333333
2179,0.1693548387096774,0.0161290322580645,0.5806451612903226,0.3709677419354839,0.2903225806451613,0.1774193548387097
2030,0.3387096774193548,0.2903225806451612,0.4193548387096774,0.3225806451612903,0.1935483870967742,0.2258064516129032
2009,0.3055555555555556,0.0,0.7777777777777778,0.3333333333333333,0.4444444444444444,0.2222222222222222
2125,0.2916666666666667,0.0,0.625,0.1666666666666666,0.375,0.4583333333333333
2048,0.3421052631578947,0.0,0.3684210526315789,0.0,0.3684210526315789,0.631578947368421
2062,0.2878787878787879,0.0303030303030302,0.6060606060606061,0.1818181818181818,0.4545454545454545,0.3333333333333333
2050,0.2234042553191489,0.2978723404255319,0.5106382978723404,0.1702127659574468,0.3829787234042553,0.2553191489361702
2120,0.1034482758620689,0.0,0.5517241379310345,0.3448275862068966,0.4137931034482758,0.2413793103448276
2192,0.2333333333333333,0.0,0.1333333333333333,0.1333333333333333,0.6,0.2666666666666666
2046,0.2222222222222222,0.2698412698412699,0.5714285714285714,0.365079365079365,0.3015873015873015,0.2222222222222222
2028,0.173076923076923,0.0,0.6538461538461539,0.1538461538461538,0.3076923076923077,0.3846153846153846
2118,0.2258064516129032,0.0,0.7741935483870968,0.064516129032258,0.5161290322580645,0.2580645161290322
2085,0.217391304347826,0.0,0.4782608695652174,0.217391304347826,0.391304347826087,0.391304347826087
2015,0.1818181818181818,0.0,0.5,0.2272727272727272,0.3636363636363636,0.4090909090909091
2161,0.375,0.0,0.7083333333333334,0.4583333333333333,0.2916666666666667,0.25
2015,0.3269230769230769,0.0,0.6538461538461539,0.3846153846153846,0.3461538461538461,0.2692307692307692
2038,0.2361111111111111,0.0,0.75,0.3611111111111111,0.1666666666666666,0.3333333333333333
2103,0.3448275862068966,0.0689655172413793,0.4137931034482758,0.1034482758620689,0.5517241379310345,0.3448275862068966
2164,0.1363636363636363,0.0,0.1363636363636363,0.0454545454545454,0.5,0.4545454545454545
2157,0.2555555555555555,0.2666666666666667,0.4444444444444444,0.2666666666666666,0.2666666666666666,0.2666666666666666
2060,0.25,0.0,0.5,0.125,0.375,0.5
2102,0.2583333333333333,0.4166666666666666,0.45,0.2833333333333333,0.2166666666666666,0.3166666666666666
2001,0.3191489361702128,0.4680851063829787,0.4042553191489361,0.4042553191489361,0.1489361702127659,0.3404255319148936
2139,0.2142857142857142,0.0,0.1904761904761904,0.238095238095238,0.4285714285714285,0.3333333333333333
2080,0.2307692307692307,0.0,0.5,0.1153846153846153,0.3461538461538461,0.5384615384615384
2036,0.175,0.0,0.35,0.25,0.3,0.45
2007,0.2884615384615384,0.0,0.4230769230769231,0.1538461538461538,0.3076923076923077,0.4230769230769231
2026,0.25,0.0,0.2222222222222222,0.0555555555555555,0.5555555555555556,0.3333333333333333
2062,0.296875,0.09375,0.75,0.46875,0.1875,0.1875
2188,0.4,0.0,0.45,0.25,0.5,0.25
2150,0.2169811320754717,0.150943396226415,0.6226415094339622,0.5094339622641509,0.2830188679245283,0.1886792452830188
2046,0.2875,0.1999999999999999,0.45,0.2,0.375,0.325
2040,0.2282608695652173,0.108695652173913,0.6956521739130435,0.3478260869565217,0.2826086956521739,0.3260869565217391
2186,0.1818181818181818,0.3272727272727272,0.3454545454545454,0.2,0.3090909090909091,0.2909090909090909
2076,0.27,0.4599999999999999,0.32,0.42,0.16,0.22
2166,0.3,0.0666666666666666,0.7333333333333333,0.3666666666666666,0.3,0.3
2081,0.0,0.0,1.0,0.0,0.0,1.0
2068,0.2413793103448276,0.2241379310344827,0.6724137931034483,0.1206896551724138,0.4655172413793103,0.2068965517241379
2025,0.3035714285714285,0.0,0.6071428571428571,0.1428571428571428,0.3928571428571428,0.4642857142857143
2108,0.1703296703296703,0.6153846153846154,0.2307692307692307,0.2857142857142857,0.2197802197802197,0.2307692307692307
2175,0.1363636363636363,0.0,0.4090909090909091,0.0454545454545454,0.4090909090909091,0.5
2029,0.2954545454545454,0.0,0.6363636363636364,0.4545454545454545,0.3181818181818182,0.1818181818181818
2174,0.3478260869565217,0.0,0.5217391304347826,0.391304347826087,0.391304347826087,0.217391304347826
2051,0.3148148148148148,0.0,0.7777777777777778,0.1851851851851851,0.4074074074074074,0.4074074074074074
2158,0.3181818181818182,0.0,0.4545454545454545,0.1818181818181818,0.4545454545454545,0.3636363636363636
2119,0.3157894736842105,0.0,0.631578947368421,0.2105263157894736,0.3684210526315789,0.4210526315789473
2079,0.3125,0.0,0.4375,0.125,0.5,0.375
2095,0.3,0.5,0.3,0.36,0.22,0.3
2061,0.175,0.0,0.3,0.1,0.5,0.4
2006,0.284313725490196,0.3529411764705882,0.5098039215686274,0.4313725490196078,0.2941176470588235,0.2549019607843137
2147,0.3472222222222222,0.1111111111111111,0.7777777777777778,0.4722222222222222,0.2777777777777778,0.25
2152,0.325,0.35,0.5,0.275,0.25,0.375
2056,0.3571428571428571,0.0,0.6190476190476191,0.238095238095238,0.5238095238095238,0.238095238095238
2043,0.4130434782608695,0.0,0.5652173913043478,0.3043478260869565,0.391304347826087,0.3043478260869565
2013,0.1956521739130435,0.0,0.7391304347826086,0.217391304347826,0.5652173913043478,0.217391304347826
2126,0.2818181818181818,0.509090909090909,0.3090909090909091,0.2545454545454545,0.1454545454545454,0.3818181818181818
2160,0.1933333333333333,0.4399999999999999,0.4266666666666667,0.3733333333333333,0.2666666666666666,0.1333333333333333
2035,0.3541666666666667,0.0,0.6666666666666666,0.2916666666666667,0.2916666666666667,0.4166666666666667
2132,0.35,0.0,0.5,0.15,0.5,0.35
2083,0.238095238095238,0.2619047619047618,0.5,0.2857142857142857,0.2619047619047619,0.3095238095238095
2193,0.3055555555555556,0.0,0.8888888888888888,0.1666666666666666,0.3333333333333333,0.5
2078,0.2083333333333333,0.0,0.75,0.2916666666666667,0.375,0.3333333333333333
2113,0.287037037037037,0.5185185185185186,0.4074074074074074,0.2037037037037037,0.3518518518518518,0.2962962962962963
2014,0.2333333333333333,0.0,0.3333333333333333,0.0666666666666666,0.5333333333333333,0.4
2051,0.2678571428571428,0.0,0.6785714285714286,0.25,0.3214285714285714,0.3571428571428571
2105,0.1875,0.0,0.5416666666666666,0.25,0.2916666666666667,0.4583333333333333
2150,0.2560975609756097,0.073170731707317,0.7073170731707317,0.3170731707317073,0.2439024390243902,0.4146341463414634
2041,0.1818181818181818,0.0,0.8787878787878788,0.2424242424242424,0.4242424242424242,0.303030303030303
2047,0.225,0.0,0.55,0.0,0.65,0.35
2052,0.25,0.0,0.4545454545454545,0.2272727272727272,0.2727272727272727,0.3181818181818182
2123,0.3,0.4727272727272728,0.3272727272727272,0.1818181818181818,0.3818181818181818,0.3454545454545454
2011,0.2115384615384615,0.1730769230769231,0.75,0.173076923076923,0.4807692307692308,0.2115384615384615
2036,0.2115384615384615,0.0,0.7307692307692307,0.0769230769230769,0.3461538461538461,0.5384615384615384
2177,0.2222222222222222,0.0,0.2222222222222222,0.0,0.6666666666666666,0.3333333333333333
2057,0.2,0.1999999999999999,0.4444444444444444,0.3111111111111111,0.2666666666666666,0.2444444444444444
2010,0.1034482758620689,0.0,0.5862068965517241,0.3793103448275862,0.3103448275862069,0.3103448275862069
2069,0.1111111111111111,0.0,1.0,0.1111111111111111,0.3333333333333333,0.5555555555555556
2161,0.217391304347826,0.0,0.4782608695652174,0.0434782608695652,0.3043478260869565,0.4782608695652174
2173,0.2301587301587301,0.4444444444444444,0.3968253968253968,0.3174603174603174,0.1428571428571428,0.2698412698412698
2032,0.2071428571428571,0.4,0.4,0.2714285714285714,0.2571428571428571,0.2857142857142857
2048,0.3461538461538461,0.0,0.2307692307692307,0.1538461538461538,0.5384615384615384,0.3076923076923077
2177,0.1875,0.0,0.4583333333333333,0.1666666666666666,0.4583333333333333,0.375
2068,0.3035714285714285,0.0,0.6428571428571429,0.2142857142857142,0.4285714285714285,0.2857142857142857
2199,0.25,0.0,1.0,0.0,0.1666666666666666,0.8333333333333334
2149,0.2291666666666666,0.0,0.5833333333333334,0.125,0.2916666666666667,0.5416666666666666
2009,0.3,0.0,0.64,0.04,0.56,0.4
2135,0.234375,0.0,0.59375,0.21875,0.40625,0.34375
2077,0.2142857142857142,0.0,0.4285714285714285,0.1428571428571428,0.3809523809523809,0.4285714285714285
2063,0.2083333333333333,0.5,0.3888888888888889,0.4444444444444444,0.3194444444444444,0.1805555555555555
2119,0.2857142857142857,0.1142857142857143,0.4571428571428571,0.2857142857142857,0.3142857142857143,0.3142857142857143
2119,0.3191489361702128,0.3617021276595744,0.5106382978723404,0.2765957446808511,0.2127659574468085,0.3829787234042553
2108,0.2678571428571428,0.0,0.6428571428571429,0.25,0.3214285714285714,0.4285714285714285
2185,0.2666666666666666,0.0,0.5333333333333333,0.3333333333333333,0.4333333333333333,0.2333333333333333
2083,0.2288135593220339,0.5423728813559322,0.2033898305084746,0.2542372881355932,0.1525423728813559,0.4067796610169492
2121,0.28,0.0,0.68,0.2,0.4,0.36
2143,0.3958333333333333,0.0,0.75,0.25,0.375,0.375
2169,0.234375,0.4375,0.390625,0.40625,0.171875,0.3125
2090,0.1842105263157894,0.0,0.4736842105263157,0.2631578947368421,0.3157894736842105,0.4210526315789473
2019,0.2758620689655172,0.0,0.7241379310344828,0.2758620689655172,0.3793103448275862,0.3448275862068966
2141,0.25,0.1111111111111111,0.5,0.2222222222222222,0.4166666666666667,0.2777777777777778
2104,0.1923076923076923,0.0,0.6666666666666666,0.2307692307692307,0.4102564102564102,0.2564102564102564
2070,0.28,0.0,0.44,0.16,0.44,0.36
2104,0.173469387755102,0.0,0.8163265306122449,0.3265306122448979,0.3265306122448979,0.2653061224489796
2080,0.2115384615384615,0.0,0.5384615384615384,0.3076923076923077,0.3076923076923077,0.3461538461538461
2025,0.2307692307692307,0.0,0.5384615384615384,0.1538461538461538,0.4230769230769231,0.4230769230769231
2197,0.2083333333333333,0.0,0.4722222222222222,0.25,0.3888888888888889,0.3333333333333333
2194,0.3421052631578947,0.0,0.7368421052631579,0.2631578947368421,0.4210526315789473,0.3157894736842105
2037,0.2666666666666666,0.0,0.6666666666666666,0.1333333333333333,0.6,0.1333333333333333
2023,0.2014925373134328,0.4925373134328358,0.4029850746268656,0.1641791044776119,0.208955223880597,0.2388059701492537
2193,0.2241379310344827,0.0,0.3793103448275862,0.1724137931034483,0.5517241379310345,0.2758620689655172
2128,0.2586206896551724,0.0,0.8275862068965517,0.2758620689655172,0.4827586206896552,0.2068965517241379
2045,0.4242424242424242,0.4242424242424242,0.303030303030303,0.5151515151515151,0.1818181818181818,0.2424242424242424
2097,0.2285714285714285,0.0,0.5142857142857142,0.3428571428571428,0.3428571428571428,0.2857142857142857
2113,0.3648648648648648,0.2162162162162162,0.4864864864864865,0.5135135135135135,0.2162162162162162,0.2702702702702703
2050,0.2272727272727272,0.0,0.5,0.4090909090909091,0.2727272727272727,0.3181818181818182
2095,0.2647058823529412,0.088235294117647,0.4705882352941176,0.1470588235294117,0.4411764705882353,0.4117647058823529
2052,0.5833333333333334,0.0,0.6111111111111112,0.2777777777777778,0.2222222222222222,0.3888888888888889
2027,0.275,0.0,0.85,0.15,0.4,0.45
2126,0.2678571428571428,0.0,0.75,0.3928571428571428,0.3214285714285714,0.2857142857142857
2052,0.3076923076923077,0.0,0.6538461538461539,0.3461538461538461,0.2692307692307692,0.3076923076923077
2008,0.0,0.0,1.0,0.0,0.625,0.375
2009,0.1875,0.0,0.4375,0.25,0.375,0.34375
2093,0.287037037037037,0.4629629629629629,0.3888888888888889,0.4259259259259259,0.1481481481481481,0.3888888888888889
2010,0.2058823529411764,0.0,0.2941176470588235,0.1764705882352941,0.3529411764705882,0.4705882352941176
2162,0.3,0.0,0.45,0.2,0.5,0.3
2005,0.4166666666666667,0.0416666666666666,0.6666666666666666,0.2916666666666667,0.4166666666666667,0.2916666666666667
2002,0.1875,0.0833333333333333,0.5,0.1458333333333333,0.3958333333333333,0.3125
2044,0.2926829268292683,0.3414634146341463,0.5609756097560976,0.1707317073170731,0.4146341463414634,0.2682926829268293
2006,0.25,0.0,0.4375,0.0625,0.5625,0.375
2154,0.4333333333333333,0.0,0.7333333333333333,0.4,0.2666666666666666,0.3333333333333333
2022,0.28125,0.0,0.75,0.0,0.3125,0.375
2097,0.1481481481481481,0.0,0.4074074074074074,0.1851851851851851,0.4814814814814814,0.2592592592592592
2058,0.2758620689655172,0.0,0.6551724137931034,0.2413793103448276,0.3448275862068966,0.3103448275862069
2067,0.3478260869565217,0.4347826086956522,0.3260869565217391,0.1304347826086956,0.217391304347826,0.4347826086956521
2148,0.3478260869565217,0.0,0.782608695652174,0.3043478260869565,0.4347826086956521,0.217391304347826
2169,0.1621621621621621,0.0,0.5675675675675675,0.3783783783783784,0.3243243243243243,0.2972972972972973
2081,0.2631578947368421,0.3157894736842105,0.4736842105263157,0.131578947368421,0.2894736842105263,0.4473684210526316
2030,0.2325581395348837,0.0930232558139535,0.6744186046511628,0.3255813953488372,0.2325581395348837,0.3023255813953488
2012,0.3409090909090909,0.0,0.6818181818181818,0.2272727272727272,0.3636363636363636,0.3636363636363636
2027,0.2,0.0,0.55,0.325,0.25,0.25
2149,0.2291666666666666,0.0,0.5833333333333334,0.125,0.2916666666666667,0.5416666666666666
2136,0.184931506849315,0.5068493150684932,0.2876712328767123,0.136986301369863,0.1917808219178082,0.2328767123287671
2099,0.2962962962962963,0.0,0.5555555555555556,0.074074074074074,0.4444444444444444,0.4444444444444444
2072,0.1666666666666666,0.0,0.5833333333333334,0.125,0.5416666666666666,0.3333333333333333
2148,0.1724137931034483,0.0,0.4482758620689655,0.2413793103448276,0.2413793103448276,0.4827586206896552
2194,0.0771428571428571,0.8,0.1542857142857142,0.52,0.08,0.0971428571428571
2060,0.3166666666666666,0.0666666666666666,0.5333333333333333,0.1666666666666666,0.3,0.4666666666666667
2108,0.2941176470588235,0.5098039215686274,0.392156862745098,0.2745098039215686,0.4509803921568627,0.1568627450980392
2193,0.4782608695652174,0.0434782608695651,0.4782608695652174,0.2608695652173913,0.4347826086956521,0.3043478260869565
2102,0.2391304347826087,0.0,0.6086956521739131,0.2608695652173913,0.391304347826087,0.3043478260869565
2041,0.3703703703703703,0.1481481481481481,0.6296296296296297,0.1851851851851851,0.3703703703703703,0.3333333333333333
2015,0.1666666666666666,0.0,1.0,0.0,0.7777777777777778,0.2222222222222222
2042,0.2837837837837837,0.1351351351351351,0.7567567567567568,0.2162162162162162,0.3513513513513513,0.3783783783783784
2118,0.2857142857142857,0.0,0.2857142857142857,0.0714285714285714,0.5714285714285714,0.3571428571428571
2009,0.3518518518518518,0.037037037037037,0.7777777777777778,0.3703703703703703,0.3703703703703703,0.2222222222222222
2011,0.2555555555555555,0.3111111111111111,0.4222222222222222,0.3333333333333333,0.1333333333333333,0.4222222222222222
2070,0.2368421052631578,0.5789473684210527,0.3508771929824561,0.4385964912280701,0.1403508771929824,0.1929824561403508
2025,0.2,0.3454545454545454,0.4909090909090909,0.3272727272727272,0.2,0.2727272727272727
2152,0.1984126984126984,0.3492063492063492,0.4603174603174603,0.2539682539682539,0.3968253968253968,0.1587301587301587
2054,0.3088235294117647,0.2941176470588235,0.3823529411764705,0.3529411764705882,0.2647058823529412,0.2941176470588235
2007,0.25,0.1964285714285714,0.375,0.3392857142857143,0.3214285714285714,0.2142857142857142
2013,0.2028985507246377,0.4927536231884057,0.4057971014492754,0.4347826086956521,0.2898550724637681,0.1014492753623188
2047,0.2708333333333333,0.0,0.625,0.2083333333333333,0.2916666666666667,0.4166666666666667
2067,0.35,0.0,0.65,0.25,0.35,0.4
2118,0.1802325581395348,0.5813953488372092,0.3488372093023256,0.1860465116279069,0.3837209302325581,0.1976744186046511
2041,0.2608695652173913,0.0,0.6086956521739131,0.1739130434782608,0.3478260869565217,0.3478260869565217
2087,0.4230769230769231,0.1153846153846154,0.3846153846153846,0.2692307692307692,0.5384615384615384,0.1923076923076923
2057,0.2592592592592592,0.0,0.5925925925925926,0.1111111111111111,0.4074074074074074,0.4814814814814814
2052,0.160377358490566,0.0,0.7169811320754716,0.3396226415094339,0.2264150943396226,0.2830188679245283
2096,0.2586206896551724,0.0,0.7241379310344828,0.3793103448275862,0.4137931034482758,0.2068965517241379
2109,0.2777777777777778,0.0,0.5555555555555556,0.2222222222222222,0.3703703703703703,0.4074074074074074
2113,0.0,0.0,1.0,0.0,0.0,1.0
2149,0.1647058823529411,0.611764705882353,0.2705882352941176,0.3294117647058823,0.1176470588235294,0.188235294117647
2119,0.4482758620689655,0.2068965517241379,0.5172413793103449,0.3448275862068966,0.4137931034482758,0.2413793103448276
2162,0.3653846153846153,0.1153846153846154,0.7307692307692307,0.2307692307692307,0.5384615384615384,0.1923076923076923
2080,0.1909090909090909,0.2363636363636363,0.5272727272727272,0.4909090909090909,0.3272727272727272,0.1636363636363636
2065,0.2777777777777778,0.0,0.7037037037037037,0.3703703703703703,0.3333333333333333,0.2592592592592592
2154,0.4,0.5,0.325,0.35,0.425,0.2
2019,0.1428571428571428,0.0,0.1428571428571428,0.0714285714285714,0.4285714285714285,0.5
2052,0.2307692307692307,0.0,0.5769230769230769,0.1153846153846153,0.3846153846153846,0.5
2079,0.2857142857142857,0.0571428571428571,0.4285714285714285,0.1714285714285714,0.3714285714285714,0.4571428571428571
2052,0.32,0.0,0.84,0.2,0.36,0.44
2157,0.2361111111111111,0.0,0.8333333333333334,0.3333333333333333,0.3611111111111111,0.3055555555555556
2151,0.1904761904761904,0.1269841269841269,0.6507936507936508,0.4444444444444444,0.1587301587301587,0.2698412698412698
2009,0.1509433962264151,0.0,0.7924528301886793,0.3584905660377358,0.320754716981132,0.2830188679245283
2062,0.2261904761904762,0.0238095238095238,0.6904761904761905,0.2857142857142857,0.2857142857142857,0.3095238095238095
2156,0.1698113207547169,0.0,0.8113207547169812,0.4716981132075472,0.1886792452830188,0.2452830188679245
2089,0.238095238095238,0.0,0.7142857142857143,0.1904761904761904,0.5238095238095238,0.238095238095238
2153,0.25,0.1428571428571429,0.6428571428571429,0.1428571428571428,0.3333333333333333,0.4285714285714285
2160,0.25,0.0,0.5769230769230769,0.2307692307692307,0.1923076923076923,0.5384615384615384
2041,0.2058823529411764,0.0,0.2352941176470588,0.1176470588235294,0.4117647058823529,0.4705882352941176
2027,0.2540983606557377,0.360655737704918,0.4262295081967213,0.180327868852459,0.3934426229508196,0.2622950819672131
2130,0.2230769230769231,0.4153846153846153,0.3384615384615385,0.2615384615384615,0.1692307692307692,0.2769230769230769
2020,0.3461538461538461,0.0,0.7692307692307693,0.3076923076923077,0.4230769230769231,0.2692307692307692
2010,0.2777777777777778,0.0,0.5555555555555556,0.3333333333333333,0.2962962962962963,0.3703703703703703
2033,0.296875,0.03125,0.59375,0.15625,0.40625,0.40625
2029,0.2279411764705882,0.5294117647058824,0.3970588235294117,0.3235294117647059,0.2205882352941176,0.2941176470588235
2133,0.2777777777777778,0.4166666666666666,0.3888888888888889,0.3888888888888889,0.1944444444444444,0.3611111111111111
2024,0.1851851851851851,0.0,0.3333333333333333,0.0,0.4074074074074074,0.5555555555555556
2121,0.2195121951219512,0.1219512195121951,0.6829268292682927,0.1463414634146341,0.4146341463414634,0.2682926829268293
2146,0.2941176470588235,0.0,0.5882352941176471,0.1176470588235294,0.3529411764705882,0.4117647058823529
2180,0.2432432432432432,0.0,0.6486486486486487,0.2972972972972973,0.2972972972972973,0.2972972972972973
2104,0.1686746987951807,0.3373493975903614,0.4939759036144578,0.3373493975903614,0.2409638554216867,0.216867469879518
2168,0.2727272727272727,0.1136363636363636,0.7272727272727273,0.1136363636363636,0.3863636363636363,0.3409090909090909
2022,0.3076923076923077,0.0,0.5384615384615384,0.1538461538461538,0.4615384615384615,0.3846153846153846
2026,0.2333333333333333,0.0,0.1333333333333333,0.2,0.3333333333333333,0.4666666666666667
2132,0.2794117647058823,0.2058823529411765,0.4117647058823529,0.2058823529411764,0.3529411764705882,0.4117647058823529
2061,0.25,0.0,0.6538461538461539,0.3461538461538461,0.3846153846153846,0.2692307692307692
2070,0.3888888888888889,0.1481481481481481,0.6666666666666666,0.1851851851851851,0.5555555555555556,0.2222222222222222
2020,0.2586206896551724,0.0,0.6551724137931034,0.3448275862068966,0.3448275862068966,0.3103448275862069
2070,0.1451612903225806,0.8064516129032258,0.1182795698924731,0.5161290322580645,0.1290322580645161,0.1505376344086021
2016,0.25,0.0,0.7222222222222222,0.1666666666666666,0.5,0.3333333333333333
2150,0.3048780487804878,0.2926829268292683,0.4878048780487805,0.2439024390243902,0.1951219512195122,0.3902439024390244
2030,0.173076923076923,0.4487179487179487,0.4871794871794871,0.1794871794871795,0.4871794871794871,0.1282051282051282
2177,0.1904761904761904,0.0,0.4761904761904761,0.1428571428571428,0.4285714285714285,0.4285714285714285
2115,0.1428571428571428,0.0,0.8809523809523809,0.5238095238095238,0.2857142857142857,0.1428571428571428
2164,0.2272727272727272,0.0,0.6363636363636364,0.303030303030303,0.2424242424242424,0.3636363636363636
2126,0.1521739130434782,0.0,0.5869565217391305,0.3478260869565217,0.3043478260869565,0.3260869565217391
2005,0.3095238095238095,0.0,0.5238095238095238,0.3333333333333333,0.3333333333333333,0.2857142857142857
2184,0.3152173913043478,0.3913043478260869,0.3695652173913043,0.3478260869565217,0.217391304347826,0.3043478260869565
2148,0.2272727272727272,0.0,0.7878787878787878,0.2424242424242424,0.4545454545454545,0.2727272727272727
2094,0.2692307692307692,0.0,0.6538461538461539,0.2692307692307692,0.2692307692307692,0.3846153846153846
2097,0.3076923076923077,0.0,0.3076923076923077,0.0,0.6153846153846154,0.3846153846153846
2119,0.3260869565217391,0.0,0.5652173913043478,0.217391304347826,0.4782608695652174,0.3043478260869565
2049,0.2962962962962963,0.0,0.7037037037037037,0.2962962962962963,0.3703703703703703,0.2962962962962963
2069,0.1642857142857142,0.2285714285714285,0.4857142857142857,0.2285714285714285,0.2571428571428571,0.2142857142857142
2156,0.2352941176470588,0.0,0.7352941176470589,0.5,0.2941176470588235,0.2058823529411764
2061,0.1388888888888889,0.0,0.5555555555555556,0.25,0.4444444444444444,0.2777777777777778
2027,0.26,0.0,0.6,0.08,0.56,0.36
2064,0.125,0.0,0.59375,0.21875,0.375,0.40625
2005,0.2,0.15,0.6166666666666667,0.4166666666666667,0.2166666666666666,0.3166666666666666
2118,0.265625,0.0,0.59375,0.25,0.28125,0.34375
2182,0.1764705882352941,0.0,0.4705882352941176,0.2352941176470588,0.4117647058823529,0.3529411764705882
2050,0.221311475409836,0.4754098360655737,0.4426229508196721,0.4426229508196721,0.2459016393442623,0.2459016393442623
2157,0.2586206896551724,0.0,0.6896551724137931,0.2413793103448276,0.3103448275862069,0.4137931034482758
2065,0.2166666666666666,0.3333333333333333,0.4333333333333333,0.3833333333333333,0.2166666666666666,0.25
2129,0.2631578947368421,0.0,0.631578947368421,0.2631578947368421,0.3157894736842105,0.4210526315789473
2087,0.2386363636363636,0.2727272727272727,0.5909090909090909,0.3636363636363636,0.1818181818181818,0.2045454545454545
2093,0.2631578947368421,0.0,0.4210526315789473,0.1052631578947368,0.631578947368421,0.2631578947368421
2034,0.25,0.0,0.6764705882352942,0.2647058823529412,0.4117647058823529,0.2647058823529412
2107,0.1875,0.0,0.1875,0.0625,0.3125,0.625
2046,0.25,0.0749999999999999,0.725,0.25,0.5,0.225
2040,0.2083333333333333,0.0,0.5,0.25,0.3333333333333333,0.4166666666666667
2095,0.375,0.28125,0.5,0.5,0.15625,0.3125
2054,0.204225352112676,0.4225352112676056,0.4366197183098591,0.4084507042253521,0.1690140845070422,0.2535211267605634
2044,0.0495495495495495,0.0,0.8378378378378378,0.5765765765765766,0.1711711711711711,0.0990990990990991
2092,0.2121212121212121,0.0,0.6060606060606061,0.1515151515151515,0.4545454545454545,0.3333333333333333
2000,0.2125,0.0,0.7,0.4,0.275,0.25
2024,0.1842105263157894,0.0,0.2105263157894736,0.1052631578947368,0.5789473684210527,0.3157894736842105
2110,0.2714285714285714,0.0285714285714285,0.5428571428571428,0.3142857142857143,0.2857142857142857,0.3714285714285714
2067,0.1333333333333333,0.0,0.2666666666666666,0.0666666666666666,0.4,0.5333333333333333
2007,0.3604651162790697,0.5348837209302326,0.3720930232558139,0.3720930232558139,0.1860465116279069,0.3953488372093023
2020,0.3157894736842105,0.0,0.631578947368421,0.1578947368421052,0.4210526315789473,0.3684210526315789
2058,0.3387096774193548,0.1612903225806451,0.5806451612903226,0.3548387096774194,0.2903225806451613,0.3225806451612903
2195,0.1875,0.125,0.6607142857142857,0.3392857142857143,0.3392857142857143,0.2857142857142857
2134,0.3,0.0,0.3,0.3,0.4,0.3
2132,0.3333333333333333,0.2307692307692307,0.3076923076923077,0.282051282051282,0.3333333333333333,0.3846153846153846
2085,0.2692307692307692,0.1025641025641025,0.6153846153846154,0.2307692307692307,0.282051282051282,0.4102564102564102
2134,0.2575757575757575,0.0,0.6060606060606061,0.1818181818181818,0.4242424242424242,0.3939393939393939
2003,0.4137931034482758,0.1379310344827586,0.5862068965517241,0.4482758620689655,0.2068965517241379,0.2413793103448276
2086,0.1333333333333333,0.0,0.2666666666666666,0.1333333333333333,0.6,0.2666666666666666
2093,0.2794117647058823,0.088235294117647,0.5882352941176471,0.3235294117647059,0.2941176470588235,0.3823529411764705
2179,0.282051282051282,0.3846153846153846,0.4358974358974359,0.2307692307692307,0.3076923076923077,0.358974358974359
2109,0.2258064516129032,0.0,0.6451612903225806,0.3870967741935484,0.1935483870967742,0.3548387096774194
2154,0.325,0.0,0.7,0.1,0.3,0.6
2008,0.2619047619047619,0.0952380952380952,0.6190476190476191,0.2619047619047619,0.2857142857142857,0.3571428571428571
2079,0.1575342465753424,0.2328767123287671,0.6027397260273972,0.136986301369863,0.547945205479452,0.2328767123287671
2008,0.3409090909090909,0.0,0.8181818181818182,0.1363636363636363,0.4090909090909091,0.4545454545454545
2103,0.2894736842105263,0.0,0.6842105263157895,0.1578947368421052,0.4210526315789473,0.3157894736842105
2122,0.2101449275362318,0.5797101449275363,0.2898550724637681,0.3333333333333333,0.1739130434782608,0.2898550724637681
2177,0.2258064516129032,0.0,0.5806451612903226,0.2258064516129032,0.3870967741935484,0.3870967741935484
2019,0.1052631578947368,0.0,0.2105263157894736,0.1578947368421052,0.4736842105263157,0.3157894736842105
2185,0.2065217391304347,0.0217391304347825,0.8043478260869565,0.4782608695652174,0.2391304347826087,0.2826086956521739
2104,0.175,0.0,0.45,0.2,0.45,0.35
2104,0.2333333333333333,0.0444444444444444,0.7333333333333333,0.3333333333333333,0.3111111111111111,0.2444444444444444
2061,0.225,0.0,0.7,0.25,0.2,0.45
2187,0.3125,0.0,0.4583333333333333,0.3333333333333333,0.4166666666666667,0.25
2072,0.204225352112676,0.5070422535211268,0.352112676056338,0.2535211267605634,0.1549295774647887,0.2676056338028169
2124,0.3243243243243243,0.2432432432432432,0.4324324324324324,0.2162162162162162,0.5135135135135135,0.2432432432432432
2167,0.3,0.0,0.7333333333333333,0.2666666666666666,0.4666666666666667,0.2
2035,0.3793103448275862,0.1034482758620689,0.6206896551724138,0.4137931034482758,0.3793103448275862,0.2068965517241379
2091,0.3214285714285714,0.0,0.5,0.0714285714285714,0.5714285714285714,0.3571428571428571
2168,0.2833333333333333,0.0,0.5,0.1333333333333333,0.5666666666666667,0.3
2000,0.328125,0.0625,0.625,0.09375,0.625,0.25
2185,0.2361111111111111,0.0,0.6388888888888888,0.3611111111111111,0.4166666666666667,0.2222222222222222
2124,0.3243243243243243,0.2432432432432432,0.4324324324324324,0.2162162162162162,0.5135135135135135,0.2432432432432432
2056,0.2435897435897435,0.1025641025641025,0.358974358974359,0.1538461538461538,0.4871794871794871,0.3076923076923077
2008,0.2333333333333333,0.4333333333333333,0.3166666666666666,0.15,0.3166666666666666,0.2833333333333333
2193,0.2916666666666667,0.0,0.4166666666666667,0.1666666666666666,0.4166666666666667,0.4166666666666667
2104,0.2410714285714285,0.4821428571428571,0.375,0.2678571428571428,0.25,0.2678571428571428
2189,0.25,0.0,0.625,0.125,0.375,0.375
2052,0.131578947368421,0.0,0.5789473684210527,0.3684210526315789,0.2631578947368421,0.3684210526315789
2025,0.2222222222222222,0.4920634920634921,0.3492063492063492,0.1428571428571428,0.6031746031746031,0.1746031746031746
2108,0.1538461538461538,0.0,0.1538461538461538,0.0,0.3846153846153846,0.6153846153846154
2119,0.2307692307692307,0.0,0.6538461538461539,0.1153846153846153,0.3846153846153846,0.3076923076923077
2115,0.25,0.3399999999999999,0.32,0.24,0.34,0.3
2171,0.2777777777777778,0.0,0.5,0.1666666666666666,0.3888888888888889,0.3888888888888889
2080,0.3571428571428571,0.1428571428571429,0.4523809523809524,0.2619047619047619,0.4761904761904761,0.2619047619047619
2059,0.3,0.0,0.72,0.28,0.44,0.28
2014,0.3157894736842105,0.0,0.4736842105263157,0.2631578947368421,0.3684210526315789,0.3684210526315789
2008,0.2,0.0,0.8,0.175,0.525,0.2
2140,0.3333333333333333,0.0,0.6,0.1333333333333333,0.4666666666666667,0.4
2042,0.2236842105263158,0.0,0.631578947368421,0.3157894736842105,0.3421052631578947,0.3157894736842105
2009,0.2058823529411764,0.2352941176470588,0.6078431372549019,0.5294117647058824,0.1764705882352941,0.2352941176470588
2035,0.2049180327868852,0.4590163934426229,0.4426229508196721,0.2786885245901639,0.2131147540983606,0.2459016393442623
2133,0.2205882352941176,0.0,0.7058823529411765,0.1764705882352941,0.3529411764705882,0.3823529411764705
2013,0.2307692307692307,0.2307692307692307,0.4102564102564102,0.358974358974359,0.3076923076923077,0.2564102564102564
2149,0.25,0.0,0.7666666666666667,0.4333333333333333,0.2666666666666666,0.3
2140,0.2674418604651162,0.5116279069767442,0.3023255813953488,0.2093023255813953,0.3720930232558139,0.3023255813953488
2037,0.2424242424242424,0.0,0.6060606060606061,0.3636363636363636,0.2121212121212121,0.3636363636363636
2120,0.1307692307692307,0.0,0.8307692307692308,0.5692307692307692,0.2153846153846154,0.1538461538461538
2003,0.1764705882352941,0.1176470588235294,0.4901960784313725,0.392156862745098,0.2745098039215686,0.2745098039215686
2188,0.1940298507462686,0.4477611940298507,0.3432835820895522,0.2985074626865671,0.3283582089552239,0.2238805970149253
2111,0.2023809523809523,0.0,0.7142857142857143,0.2619047619047619,0.3571428571428571,0.3571428571428571
2010,0.2073170731707317,0.0,0.5853658536585366,0.2195121951219512,0.2926829268292683,0.3414634146341463
2136,0.2857142857142857,0.0285714285714285,0.5714285714285714,0.2,0.4,0.3428571428571428
2109,0.1555555555555555,0.0,0.8,0.2666666666666666,0.4444444444444444,0.2888888888888888
2051,0.2096774193548387,0.0,0.7741935483870968,0.2903225806451613,0.3548387096774194,0.2903225806451613
2031,0.1944444444444444,0.0,0.6666666666666666,0.2222222222222222,0.2777777777777778,0.5
2094,0.2619047619047619,0.0,0.9047619047619048,0.1904761904761904,0.3333333333333333,0.2857142857142857
2040,0.2368421052631578,0.0,0.7631578947368421,0.3684210526315789,0.2368421052631578,0.2631578947368421
2015,0.25,0.0,0.7222222222222222,0.1666666666666666,0.5,0.2777777777777778
2143,0.2976190476190476,0.1428571428571429,0.4523809523809524,0.2619047619047619,0.5476190476190477,0.1904761904761904
2091,0.2333333333333333,0.3333333333333333,0.4166666666666667,0.3,0.3333333333333333,0.2166666666666666
2030,0.1764705882352941,0.0,0.5588235294117647,0.2352941176470588,0.2647058823529412,0.4411764705882353
2199,0.22,0.0,0.52,0.28,0.36,0.36
2040,0.2804878048780488,0.2439024390243902,0.4146341463414634,0.3658536585365853,0.3414634146341463,0.2682926829268293
2146,0.2307692307692307,0.0,0.7307692307692307,0.2307692307692307,0.5384615384615384,0.2307692307692307
2069,0.2727272727272727,0.0,0.7727272727272727,0.2272727272727272,0.3181818181818182,0.4545454545454545
2126,0.2543859649122807,0.5789473684210527,0.3157894736842105,0.3684210526315789,0.175438596491228,0.2280701754385964
2020,0.2073170731707317,0.0,0.8048780487804879,0.3414634146341463,0.3414634146341463,0.1951219512195122
2163,0.1538461538461538,0.0,0.1538461538461538,0.0769230769230769,0.3846153846153846,0.5384615384615384
2080,0.16,0.0,0.52,0.28,0.36,0.36
2100,0.2428571428571428,0.0,0.8571428571428571,0.3142857142857143,0.3428571428571428,0.3142857142857143
2060,0.1842105263157894,0.0,0.2631578947368421,0.1578947368421052,0.3684210526315789,0.4210526315789473
2037,0.1612903225806451,0.0,0.9032258064516128,0.2903225806451613,0.2903225806451613,0.3870967741935484
2116,0.3888888888888889,0.1944444444444444,0.7222222222222222,0.5277777777777778,0.3055555555555556,0.1111111111111111
2062,0.2288135593220339,0.5084745762711864,0.3728813559322034,0.3728813559322034,0.2542372881355932,0.2542372881355932
2186,0.2314814814814814,0.2592592592592593,0.5555555555555556,0.3148148148148148,0.3888888888888889,0.2407407407407407
2186,0.275,0.3,0.425,0.25,0.325,0.375
2181,0.2073170731707317,0.0,0.7560975609756098,0.3414634146341463,0.4390243902439024,0.1951219512195122
2024,0.27,0.26,0.52,0.26,0.4,0.3
2047,0.3541666666666667,0.0,0.625,0.2916666666666667,0.3333333333333333,0.375
2002,0.3260869565217391,0.0,0.6086956521739131,0.0434782608695652,0.4347826086956521,0.4347826086956521
2100,0.2065217391304347,0.0869565217391304,0.5869565217391305,0.3478260869565217,0.3043478260869565,0.3260869565217391
2126,0.0,0.0,1.0,0.0,0.0,1.0
2079,0.1896551724137931,0.0,0.2758620689655172,0.1379310344827586,0.3103448275862069,0.5172413793103449
2047,0.2738095238095238,0.1666666666666666,0.6428571428571429,0.2142857142857142,0.4285714285714285,0.2142857142857142
2029,0.375,0.0,0.6875,0.0625,0.625,0.3125
2046,0.2777777777777778,0.0,0.5555555555555556,0.2222222222222222,0.5555555555555556,0.2222222222222222
2023,0.2291666666666666,0.3333333333333333,0.3333333333333333,0.2291666666666666,0.25,0.4166666666666667
2144,0.238095238095238,0.0,0.7142857142857143,0.0,0.5238095238095238,0.4285714285714285
2039,0.2647058823529412,0.0,0.7058823529411765,0.1176470588235294,0.4117647058823529,0.4705882352941176
2101,0.175,0.0,0.8,0.125,0.55,0.325
2061,0.2258064516129032,0.0,0.5483870967741935,0.1290322580645161,0.5161290322580645,0.3225806451612903
2198,0.3088235294117647,0.0294117647058823,0.7647058823529411,0.088235294117647,0.5588235294117647,0.3235294117647059
2153,0.3414634146341463,0.5365853658536586,0.2195121951219512,0.2439024390243902,0.2195121951219512,0.3902439024390244
2042,0.28,0.0,0.76,0.2,0.44,0.36
2131,0.1847826086956521,0.0,0.8260869565217391,0.3478260869565217,0.2391304347826087,0.2826086956521739
2051,0.34375,0.0,0.6875,0.0625,0.5625,0.375
2195,0.3571428571428571,0.0714285714285714,0.4285714285714285,0.2142857142857142,0.3571428571428571,0.4285714285714285
2079,0.5714285714285714,0.0,0.2857142857142857,0.4285714285714285,0.2857142857142857,0.2857142857142857
2052,0.4027777777777778,0.1388888888888888,0.5,0.3055555555555556,0.3888888888888889,0.25
2020,0.3333333333333333,0.0,0.7777777777777778,0.1111111111111111,0.5555555555555556,0.3333333333333333
2138,0.2941176470588235,0.4313725490196078,0.392156862745098,0.2549019607843137,0.2941176470588235,0.3333333333333333
2061,0.1842105263157894,0.4868421052631578,0.3815789473684211,0.2368421052631578,0.3552631578947368,0.1842105263157894
2086,0.4117647058823529,0.0,0.5882352941176471,0.3529411764705882,0.3529411764705882,0.2352941176470588
2038,0.3108108108108108,0.1621621621621621,0.5405405405405406,0.4324324324324324,0.2972972972972973,0.2702702702702703
2112,0.2109375,0.5,0.375,0.09375,0.421875,0.234375
2139,0.2121212121212121,0.6212121212121212,0.2424242424242424,0.3333333333333333,0.2424242424242424,0.2272727272727272
2040,0.3666666666666666,0.0,0.4,0.0666666666666666,0.4666666666666667,0.4666666666666667
2064,0.1666666666666666,0.0,0.7333333333333333,0.2,0.4333333333333333,0.3666666666666666
2189,0.2222222222222222,0.1777777777777778,0.6888888888888889,0.3111111111111111,0.3333333333333333,0.3111111111111111
2145,0.4444444444444444,0.0,0.4444444444444444,0.3333333333333333,0.2222222222222222,0.4444444444444444
2157,0.3387096774193548,0.1612903225806451,0.5806451612903226,0.3225806451612903,0.3548387096774194,0.2580645161290322
2137,0.28125,0.0,0.5,0.21875,0.375,0.40625
2000,0.21875,0.0,0.65625,0.28125,0.4375,0.25
2199,0.25,0.3541666666666666,0.2916666666666667,0.4375,0.125,0.3125
2089,0.2419354838709677,0.0,0.6129032258064516,0.3548387096774194,0.2580645161290322,0.3870967741935484
2066,0.2368421052631578,0.5614035087719298,0.2456140350877192,0.4035087719298245,0.175438596491228,0.2631578947368421
2084,0.288135593220339,0.4067796610169492,0.4576271186440678,0.0847457627118644,0.3728813559322034,0.2372881355932203
2060,0.2307692307692307,0.5192307692307692,0.3269230769230769,0.0576923076923076,0.2692307692307692,0.3269230769230769
2146,0.1538461538461538,0.0,0.3846153846153846,0.1538461538461538,0.4230769230769231,0.3846153846153846
2039,0.2416666666666666,0.4166666666666666,0.3,0.15,0.3166666666666666,0.1833333333333333
2064,0.2272727272727272,0.0,0.5909090909090909,0.0454545454545454,0.4545454545454545,0.4545454545454545
2177,0.2461538461538461,0.6153846153846154,0.2,0.3230769230769231,0.2461538461538461,0.2923076923076923
2030,0.3461538461538461,0.0,0.3846153846153846,0.0769230769230769,0.6153846153846154,0.3076923076923077
2051,0.375,0.2777777777777778,0.4166666666666667,0.3888888888888889,0.4166666666666667,0.1944444444444444
2073,0.2272727272727272,0.0,0.8484848484848485,0.2424242424242424,0.3333333333333333,0.3333333333333333
2108,0.1666666666666666,0.0,0.3333333333333333,0.0,0.4666666666666667,0.5333333333333333
2029,0.3194444444444444,0.2222222222222222,0.4722222222222222,0.3611111111111111,0.3333333333333333,0.25
2084,0.325,0.0,0.5,0.35,0.3,0.35
2060,0.1842105263157894,0.0,0.3157894736842105,0.0526315789473684,0.5789473684210527,0.3684210526315789
2004,0.2045454545454545,0.0,0.7272727272727273,0.1818181818181818,0.4545454545454545,0.3181818181818182
2133,0.391304347826087,0.0,0.5217391304347826,0.3478260869565217,0.3043478260869565,0.3043478260869565
2103,0.2348484848484848,0.5757575757575757,0.1969696969696969,0.3636363636363636,0.1969696969696969,0.303030303030303
2024,0.1923076923076923,0.4615384615384615,0.5,0.2179487179487179,0.3333333333333333,0.2435897435897435
2099,0.2903225806451613,0.0,0.4516129032258064,0.1612903225806451,0.5483870967741935,0.2580645161290322
2136,0.1818181818181818,0.0,0.3636363636363636,0.0,0.5454545454545454,0.3636363636363636
2188,0.1,0.0,1.0,0.2666666666666666,0.4,0.3333333333333333
2165,0.1785714285714285,0.0,0.5476190476190477,0.2857142857142857,0.2142857142857142,0.4047619047619047
2044,0.2613636363636363,0.3409090909090909,0.4090909090909091,0.3409090909090909,0.2272727272727272,0.25
2090,0.2254901960784313,0.3137254901960784,0.5294117647058824,0.2352941176470588,0.2549019607843137,0.2549019607843137
2014,0.3809523809523809,0.0,0.6666666666666666,0.0952380952380952,0.4761904761904761,0.4285714285714285
2100,0.3214285714285714,0.0,0.4285714285714285,0.0714285714285714,0.4285714285714285,0.5
2046,0.3333333333333333,0.0,0.3888888888888889,0.0555555555555555,0.5,0.4444444444444444
2003,0.28,0.0,0.8,0.24,0.48,0.24
2033,0.3055555555555556,0.2222222222222222,0.4444444444444444,0.25,0.25,0.2222222222222222
2175,0.2692307692307692,0.1538461538461538,0.3076923076923077,0.2564102564102564,0.3846153846153846,0.3076923076923077
2014,0.328125,0.03125,0.75,0.3125,0.375,0.3125
2035,0.2254901960784313,0.4901960784313726,0.3333333333333333,0.1372549019607843,0.4705882352941176,0.2352941176470588
2003,0.2976190476190476,0.1666666666666666,0.5,0.3809523809523809,0.2857142857142857,0.2142857142857142
2047,0.18,0.0,0.76,0.16,0.32,0.4
2012,0.2575757575757575,0.0,0.7878787878787878,0.3636363636363636,0.2424242424242424,0.3333333333333333
2147,0.3055555555555556,0.0277777777777777,0.6666666666666666,0.25,0.5,0.25
2104,0.1666666666666666,0.5277777777777778,0.25,0.3888888888888889,0.1666666666666666,0.2083333333333333
2002,0.4142857142857143,0.2571428571428571,0.6,0.3714285714285714,0.2285714285714285,0.3428571428571428
2025,0.2361111111111111,0.0,0.6666666666666666,0.3055555555555556,0.3055555555555556,0.3333333333333333
2126,0.3653846153846153,0.0,0.8076923076923077,0.1923076923076923,0.4615384615384615,0.3076923076923077
2093,0.25,0.0,0.5,0.2307692307692307,0.4230769230769231,0.3461538461538461
2040,0.2804878048780488,0.073170731707317,0.7560975609756098,0.3658536585365853,0.3658536585365853,0.2439024390243902
2040,0.1875,0.5625,0.225,0.2875,0.2375,0.25
2182,0.25,0.0,0.6176470588235294,0.3823529411764705,0.2647058823529412,0.3529411764705882
2060,0.3703703703703703,0.037037037037037,0.7407407407407407,0.2222222222222222,0.4444444444444444,0.1851851851851851
2071,0.1363636363636363,0.0,0.4090909090909091,0.2272727272727272,0.3636363636363636,0.3636363636363636
2126,0.3333333333333333,0.0,0.5833333333333334,0.4166666666666667,0.2083333333333333,0.375
2108,0.2285714285714285,0.0,0.6,0.3428571428571428,0.2571428571428571,0.3714285714285714
2195,0.2388059701492537,0.3432835820895522,0.5671641791044776,0.1791044776119403,0.4029850746268656,0.2537313432835821
2199,0.2941176470588235,0.0,0.7058823529411765,0.2941176470588235,0.3529411764705882,0.3529411764705882
2049,0.4210526315789473,0.0,0.3684210526315789,0.3684210526315789,0.2631578947368421,0.3684210526315789
2119,0.0,0.0,1.0,0.0,0.0,1.0
2057,0.38,0.12,0.64,0.16,0.48,0.32
2014,0.3809523809523809,0.0,0.3809523809523809,0.238095238095238,0.4761904761904761,0.2857142857142857
2062,0.2254901960784313,0.3725490196078431,0.3333333333333333,0.196078431372549,0.392156862745098,0.2941176470588235
2186,0.1904761904761904,0.0,0.3333333333333333,0.0952380952380952,0.3333333333333333,0.5714285714285714
2044,0.2580645161290322,0.0,0.8387096774193549,0.032258064516129,0.5806451612903226,0.2258064516129032
2099,0.2777777777777778,0.0833333333333333,0.6944444444444444,0.1666666666666666,0.4444444444444444,0.2777777777777778
2055,0.0,0.0,1.0,0.0,0.6666666666666666,0.3333333333333333
2041,0.3888888888888889,0.1111111111111111,0.7037037037037037,0.1851851851851851,0.4074074074074074,0.3703703703703703
2077,0.4772727272727273,0.0454545454545454,0.8181818181818182,0.0909090909090909,0.3636363636363636,0.5454545454545454
2052,0.2419354838709677,0.0,0.9032258064516128,0.2258064516129032,0.3548387096774194,0.3548387096774194
2076,0.2333333333333333,0.0,0.2,0.2,0.4666666666666667,0.2666666666666666
2115,0.25,0.0,0.6190476190476191,0.1904761904761904,0.2619047619047619,0.3333333333333333
2199,0.2692307692307692,0.0,0.2307692307692307,0.2307692307692307,0.3076923076923077,0.4615384615384615
2019,0.2580645161290322,0.467741935483871,0.3387096774193548,0.2903225806451613,0.1451612903225806,0.4193548387096774
2150,0.328125,0.21875,0.5,0.34375,0.34375,0.3125
2008,0.25,0.4423076923076923,0.3653846153846153,0.3269230769230769,0.1153846153846153,0.3076923076923077
2114,0.2340425531914893,0.1489361702127659,0.7021276595744681,0.1702127659574468,0.3404255319148936,0.3617021276595745
2193,0.28,0.0,0.84,0.44,0.24,0.32
2050,0.1666666666666666,0.0,0.3333333333333333,0.1666666666666666,0.25,0.5833333333333334
2030,0.3461538461538461,0.0769230769230768,0.4615384615384615,0.3076923076923077,0.3076923076923077,0.3846153846153846
2040,0.2073170731707317,0.0,0.7804878048780488,0.4878048780487805,0.3414634146341463,0.1463414634146341
2148,0.2156862745098039,0.1764705882352941,0.6470588235294118,0.2549019607843137,0.2745098039215686,0.3529411764705882
2000,0.225,0.3666666666666667,0.45,0.2,0.4333333333333333,0.2666666666666666
2095,0.2672413793103448,0.4310344827586206,0.5,0.1034482758620689,0.4827586206896552,0.1896551724137931
2117,0.2307692307692307,0.0,0.2692307692307692,0.1153846153846153,0.5,0.3846153846153846
2016,0.3026315789473684,0.1052631578947368,0.6842105263157895,0.2894736842105263,0.3947368421052631,0.3157894736842105
2015,0.2916666666666667,0.0833333333333333,0.5833333333333334,0.2777777777777778,0.4444444444444444,0.2777777777777778
2060,0.2372881355932203,0.3389830508474576,0.559322033898305,0.2711864406779661,0.3389830508474576,0.2542372881355932
2195,0.1590909090909091,0.0,0.3636363636363636,0.1818181818181818,0.3181818181818182,0.5
2128,0.2903225806451613,0.0,0.7419354838709677,0.1935483870967742,0.3548387096774194,0.3870967741935484
2168,0.2307692307692307,0.0,0.1538461538461538,0.0769230769230769,0.3846153846153846,0.5384615384615384
2149,0.196078431372549,0.2941176470588235,0.5098039215686274,0.3137254901960784,0.2941176470588235,0.3333333333333333
2028,0.2045454545454545,0.0,0.3636363636363636,0.2727272727272727,0.3181818181818182,0.4090909090909091
2197,0.2763157894736842,0.0789473684210526,0.7631578947368421,0.2368421052631578,0.5,0.2631578947368421
2122,0.2580645161290322,0.0,0.8387096774193549,0.1612903225806451,0.3870967741935484,0.3548387096774194
2193,0.2232142857142857,0.375,0.4464285714285714,0.2678571428571428,0.2678571428571428,0.3214285714285714
2083,0.25,0.0555555555555555,0.6666666666666666,0.3333333333333333,0.2777777777777778,0.3333333333333333
2160,0.25,0.0,0.7058823529411765,0.3235294117647059,0.3823529411764705,0.2941176470588235
2162,0.1455696202531645,0.2658227848101265,0.6455696202531646,0.1645569620253164,0.2658227848101265,0.2025316455696202
2107,0.2285714285714285,0.0,0.7714285714285715,0.2285714285714285,0.3142857142857143,0.4
2027,0.2166666666666666,0.0,0.7,0.1333333333333333,0.4333333333333333,0.3666666666666666
2119,0.29,0.48,0.3,0.44,0.18,0.26
2192,0.3,0.0,0.6,0.2666666666666666,0.4333333333333333,0.2666666666666666
2094,0.3035714285714285,0.0,0.7857142857142857,0.3928571428571428,0.1785714285714285,0.3928571428571428
2004,0.2058823529411764,0.0,0.4117647058823529,0.3235294117647059,0.3529411764705882,0.3235294117647059
2113,0.1461538461538461,0.3538461538461538,0.4615384615384615,0.1846153846153846,0.1692307692307692,0.1692307692307692
2032,0.2361111111111111,0.0,0.7222222222222222,0.3333333333333333,0.3055555555555556,0.3055555555555556
2044,0.3333333333333333,0.4761904761904761,0.3809523809523809,0.1904761904761904,0.4047619047619047,0.2619047619047619
2143,0.2727272727272727,0.2727272727272727,0.5151515151515151,0.3939393939393939,0.2121212121212121,0.303030303030303
2173,0.1067961165048543,0.6116504854368932,0.2815533980582524,0.058252427184466,0.1262135922330097,0.1553398058252427
2029,0.2608695652173913,0.0,0.5652173913043478,0.1304347826086956,0.391304347826087,0.3478260869565217
2156,0.2083333333333333,0.0,0.5833333333333334,0.1666666666666666,0.4166666666666667,0.4166666666666667
2043,0.2777777777777778,0.1777777777777778,0.6222222222222222,0.2666666666666666,0.2444444444444444,0.3333333333333333
2150,0.2075471698113207,0.3018867924528302,0.5660377358490566,0.3584905660377358,0.2641509433962264,0.2830188679245283
2088,0.2391304347826087,0.0,0.217391304347826,0.0869565217391304,0.391304347826087,0.4782608695652174
2089,0.2926829268292683,0.3658536585365853,0.3658536585365853,0.1707317073170731,0.3414634146341463,0.3414634146341463
2048,0.3333333333333333,0.0,1.0,0.0,0.6666666666666666,0.3333333333333333
2001,0.4375,0.0833333333333333,0.5416666666666666,0.0833333333333333,0.5833333333333334,0.3333333333333333
2001,0.2608695652173913,0.0,0.4782608695652174,0.3478260869565217,0.2608695652173913,0.391304347826087
2087,0.2738095238095238,0.4047619047619047,0.4047619047619047,0.2142857142857142,0.3333333333333333,0.3571428571428571
2018,0.1428571428571428,0.0,0.3571428571428571,0.0714285714285714,0.4285714285714285,0.5
2012,0.303030303030303,0.0,0.7575757575757576,0.1212121212121212,0.3636363636363636,0.1818181818181818
2074,0.3666666666666666,0.0,0.6666666666666666,0.2666666666666666,0.5333333333333333,0.2
2015,0.2641509433962264,0.4716981132075472,0.3584905660377358,0.3962264150943396,0.2075471698113207,0.320754716981132
2070,0.217391304347826,0.4782608695652174,0.3768115942028985,0.1304347826086956,0.5652173913043478,0.1884057971014492
2140,0.1923076923076923,0.0,0.4615384615384615,0.1153846153846153,0.5,0.3846153846153846
2120,0.1034482758620689,0.0,0.5517241379310345,0.3448275862068966,0.4137931034482758,0.2413793103448276
2013,0.3333333333333333,0.0333333333333333,0.6666666666666666,0.2333333333333333,0.4333333333333333,0.3333333333333333
2008,0.1333333333333333,0.0,0.2666666666666666,0.1333333333333333,0.4,0.4666666666666667
2008,0.3409090909090909,0.0,0.8181818181818182,0.1363636363636363,0.4090909090909091,0.4545454545454545
2014,0.2066666666666666,0.48,0.4,0.3866666666666666,0.2533333333333333,0.24
2011,0.2016129032258064,0.3548387096774194,0.4354838709677419,0.0806451612903225,0.3064516129032258,0.2419354838709677
2011,0.3275862068965517,0.0,0.5517241379310345,0.2068965517241379,0.2758620689655172,0.4482758620689655
2076,0.2,0.0,0.4666666666666667,0.0666666666666666,0.6,0.3333333333333333
2102,0.2575757575757575,0.0,0.5757575757575758,0.3333333333333333,0.2727272727272727,0.303030303030303
2184,0.3870967741935484,0.1612903225806451,0.7419354838709677,0.2903225806451613,0.3225806451612903,0.3870967741935484
2130,0.3,0.0,0.6666666666666666,0.2,0.2666666666666666,0.4
2191,0.1379310344827586,0.0,0.5517241379310345,0.2413793103448276,0.2758620689655172,0.4137931034482758
2126,0.25,0.0,0.1,0.0,0.5,0.5
2011,0.106060606060606,0.0,0.303030303030303,0.2424242424242424,0.3636363636363636,0.3636363636363636
2085,0.2033898305084746,0.423728813559322,0.3389830508474576,0.4745762711864407,0.1525423728813559,0.288135593220339
2055,0.2790697674418604,0.1860465116279069,0.5348837209302325,0.3023255813953488,0.1860465116279069,0.3488372093023256
2077,0.2719298245614035,0.2631578947368421,0.5263157894736842,0.3508771929824561,0.2631578947368421,0.2982456140350877
2040,0.3125,0.0,0.4375,0.25,0.375,0.375
2011,0.1951219512195122,0.0,0.7073170731707317,0.2195121951219512,0.5121951219512195,0.2682926829268293
2192,0.2906976744186046,0.3255813953488372,0.3720930232558139,0.3488372093023256,0.2790697674418604,0.2790697674418604
2066,0.3243243243243243,0.2162162162162162,0.5405405405405406,0.2972972972972973,0.3243243243243243,0.3243243243243243
2091,0.3125,0.03125,0.5,0.34375,0.375,0.25
2028,0.1875,0.0,0.6875,0.46875,0.09375,0.1875
2004,0.2222222222222222,0.5079365079365079,0.3333333333333333,0.1111111111111111,0.2698412698412698,0.3492063492063492
2078,0.2727272727272727,0.0,0.4545454545454545,0.0909090909090909,0.3636363636363636,0.5454545454545454
2195,0.2857142857142857,0.0,0.3571428571428571,0.1428571428571428,0.4285714285714285,0.4285714285714285
2006,0.3148148148148148,0.0,0.5185185185185185,0.4444444444444444,0.3333333333333333,0.2222222222222222
2028,0.3823529411764705,0.2058823529411765,0.6176470588235294,0.2941176470588235,0.4705882352941176,0.2058823529411764
2052,0.3333333333333333,0.0,0.6666666666666666,0.2222222222222222,0.5555555555555556,0.2222222222222222
2029,0.2954545454545454,0.0,0.6363636363636364,0.4545454545454545,0.3181818181818182,0.1818181818181818
2109,0.25,0.2380952380952381,0.3809523809523809,0.1904761904761904,0.4761904761904761,0.3095238095238095
2143,0.3214285714285714,0.0,0.5714285714285714,0.1785714285714285,0.4285714285714285,0.3214285714285714
2135,0.2058823529411764,0.3970588235294118,0.3088235294117647,0.2794117647058823,0.3823529411764705,0.1911764705882352
2082,0.2631578947368421,0.5789473684210527,0.3157894736842105,0.3157894736842105,0.3684210526315789,0.2982456140350877
2147,0.3225806451612903,0.2580645161290322,0.6129032258064516,0.2258064516129032,0.3548387096774194,0.3870967741935484
2050,0.4375,0.0,0.5625,0.0625,0.5625,0.375
2013,0.2647058823529412,0.3529411764705882,0.2941176470588235,0.196078431372549,0.4117647058823529,0.196078431372549
2199,0.2857142857142857,0.0,0.3333333333333333,0.1428571428571428,0.3333333333333333,0.5238095238095238
2013,0.2407407407407407,0.0,0.6666666666666666,0.2962962962962963,0.2592592592592592,0.4444444444444444
2199,0.3076923076923077,0.0,0.4615384615384615,0.0769230769230769,0.5,0.3461538461538461
2010,0.2333333333333333,0.4222222222222223,0.4444444444444444,0.2222222222222222,0.4,0.2222222222222222
2032,0.3125,0.03125,0.59375,0.28125,0.375,0.28125
2018,0.2619047619047619,0.0,0.2857142857142857,0.0952380952380952,0.3809523809523809,0.5238095238095238
2136,0.1875,0.0,0.5833333333333334,0.2083333333333333,0.5,0.2916666666666667
2048,0.2291666666666666,0.0,0.75,0.0416666666666666,0.4166666666666667,0.5416666666666666
2162,0.2619047619047619,0.0,0.5238095238095238,0.1428571428571428,0.5238095238095238,0.3333333333333333
2021,0.2272727272727272,0.0,0.6363636363636364,0.3333333333333333,0.3636363636363636,0.2727272727272727
2013,0.3684210526315789,0.2631578947368421,0.3947368421052631,0.2631578947368421,0.3947368421052631,0.3421052631578947
2022,0.3548387096774194,0.032258064516129,0.6129032258064516,0.4516129032258064,0.2580645161290322,0.2580645161290322
2060,0.3,0.0,0.6,0.2666666666666666,0.3333333333333333,0.4
2052,0.225,0.15,0.625,0.475,0.125,0.3
2185,0.2413793103448276,0.0,0.4482758620689655,0.1034482758620689,0.4482758620689655,0.4482758620689655
2005,0.3409090909090909,0.0,0.5909090909090909,0.2727272727272727,0.5454545454545454,0.1818181818181818
2116,0.21875,0.2083333333333333,0.625,0.4166666666666667,0.1666666666666666,0.2916666666666667
2014,0.29,0.48,0.44,0.14,0.22,0.28
2033,0.2678571428571428,0.0,0.6071428571428571,0.25,0.3928571428571428,0.3214285714285714
2002,0.225,0.0,0.4,0.25,0.25,0.45
2145,0.1590909090909091,0.3939393939393939,0.4090909090909091,0.4545454545454545,0.2424242424242424,0.2424242424242424
2126,0.3529411764705882,0.1764705882352941,0.5,0.2941176470588235,0.3235294117647059,0.3823529411764705
2067,0.1287878787878787,0.0,0.7727272727272727,0.4090909090909091,0.2121212121212121,0.2878787878787879
2150,0.22,0.0,0.68,0.16,0.36,0.48
2132,0.2291666666666666,0.0,0.5416666666666666,0.25,0.3333333333333333,0.375
2048,0.3225806451612903,0.0967741935483871,0.4516129032258064,0.2903225806451613,0.4516129032258064,0.2580645161290322
2052,0.1973684210526315,0.0,0.7105263157894737,0.5789473684210527,0.1842105263157894,0.2105263157894736
2119,0.6818181818181818,0.0,0.6363636363636364,0.1818181818181818,0.3636363636363636,0.4545454545454545
2147,0.1707317073170731,0.0,0.7073170731707317,0.2439024390243902,0.4634146341463415,0.2682926829268293
2056,0.1764705882352941,0.0,0.3529411764705882,0.1764705882352941,0.2941176470588235,0.4117647058823529
2022,0.3181818181818182,0.0,0.4545454545454545,0.2727272727272727,0.2727272727272727,0.4545454545454545
2077,0.2727272727272727,0.0,0.6666666666666666,0.2424242424242424,0.3636363636363636,0.3636363636363636
2082,0.265625,0.0,0.8125,0.28125,0.53125,0.1875
2197,0.2837837837837837,0.1621621621621621,0.4864864864864865,0.2162162162162162,0.3243243243243243,0.4594594594594595
2181,0.1875,0.0,0.5,0.3333333333333333,0.4583333333333333,0.2083333333333333
2109,0.2804878048780488,0.1951219512195121,0.5365853658536586,0.1707317073170731,0.3414634146341463,0.3902439024390244
2116,0.2826086956521739,0.2608695652173913,0.5652173913043478,0.3695652173913043,0.2826086956521739,0.2826086956521739
2179,0.25,0.0,0.6111111111111112,0.25,0.3888888888888889,0.3333333333333333
2119,0.2071428571428571,0.4714285714285714,0.4571428571428571,0.1142857142857142,0.2428571428571428,0.1571428571428571
2124,0.2857142857142857,0.1666666666666666,0.5714285714285714,0.3333333333333333,0.3095238095238095,0.3333333333333333
2181,0.3620689655172414,0.1379310344827586,0.5172413793103449,0.2758620689655172,0.3793103448275862,0.3103448275862069
2189,0.1818181818181818,0.0,0.3636363636363636,0.1818181818181818,0.3636363636363636,0.4545454545454545
2151,0.1526315789473684,0.4947368421052631,0.3263157894736842,0.2421052631578947,0.2526315789473684,0.1894736842105263
2115,0.1929824561403508,0.3333333333333333,0.4561403508771929,0.3684210526315789,0.2105263157894736,0.2280701754385964
2008,0.2962962962962963,0.0,0.5555555555555556,0.1481481481481481,0.2222222222222222,0.5555555555555556
2140,0.265625,0.0,0.84375,0.1875,0.375,0.21875
2158,0.1490384615384615,0.5673076923076923,0.2980769230769231,0.0673076923076923,0.4326923076923077,0.1923076923076923
2030,0.088235294117647,0.0,1.0,0.0588235294117647,0.4117647058823529,0.4705882352941176
2030,0.2678571428571428,0.0,0.6071428571428571,0.2142857142857142,0.3928571428571428,0.3928571428571428
2009,0.1666666666666666,0.0,0.625,0.25,0.3333333333333333,0.375
2029,0.3125,0.0,0.5625,0.1875,0.4375,0.375
2065,0.2222222222222222,0.0,0.8888888888888888,0.1666666666666666,0.6111111111111112,0.2222222222222222
2168,0.0,0.0,1.0,0.0,0.6,0.4
2081,0.2105263157894736,0.0,0.7368421052631579,0.1052631578947368,0.4736842105263157,0.4210526315789473
2063,0.2083333333333333,0.5,0.3888888888888889,0.4444444444444444,0.3194444444444444,0.1805555555555555
2084,0.2702702702702703,0.2162162162162162,0.4864864864864865,0.2432432432432432,0.2972972972972973,0.3513513513513513
2126,0.1111111111111111,0.0,0.1666666666666666,0.1666666666666666,0.3333333333333333,0.5
2199,0.2261904761904762,0.0476190476190476,0.6428571428571429,0.2619047619047619,0.3333333333333333,0.238095238095238
2034,0.2537313432835821,0.5223880597014925,0.4029850746268656,0.3432835820895522,0.2686567164179104,0.2985074626865671
2045,0.2068965517241379,0.2413793103448276,0.5,0.4137931034482758,0.2413793103448276,0.2241379310344827
2029,0.25,0.5,0.4137931034482758,0.1379310344827586,0.2241379310344827,0.2413793103448276
2045,0.2894736842105263,0.131578947368421,0.5263157894736842,0.1842105263157894,0.4473684210526316,0.3421052631578947
2016,0.2857142857142857,0.0,0.7619047619047619,0.3333333333333333,0.3809523809523809,0.2857142857142857
2018,0.2325581395348837,0.2790697674418605,0.4186046511627907,0.4186046511627907,0.2325581395348837,0.2790697674418604
2023,0.2285714285714285,0.0,0.7142857142857143,0.2285714285714285,0.3428571428571428,0.3142857142857143
2118,0.238095238095238,0.3571428571428571,0.5,0.2619047619047619,0.3333333333333333,0.2857142857142857
2069,0.2727272727272727,0.0,0.1818181818181818,0.0,0.4545454545454545,0.5454545454545454
2091,0.2307692307692307,0.1282051282051282,0.6666666666666666,0.3076923076923077,0.3076923076923077,0.358974358974359
2145,0.2426470588235294,0.5147058823529411,0.2794117647058823,0.2205882352941176,0.3088235294117647,0.3235294117647059
2051,0.3181818181818182,0.1818181818181817,0.5454545454545454,0.3333333333333333,0.3333333333333333,0.3333333333333333
2023,0.2156862745098039,0.2352941176470588,0.5098039215686274,0.3137254901960784,0.3137254901960784,0.2745098039215686
2079,0.2416666666666666,0.5333333333333333,0.25,0.1666666666666666,0.2,0.3333333333333333
2004,0.25,0.3387096774193548,0.4516129032258064,0.3225806451612903,0.3709677419354839,0.2419354838709677
2000,0.3653846153846153,0.0,0.6538461538461539,0.2692307692307692,0.4615384615384615,0.1923076923076923
2074,0.3269230769230769,0.0,0.7307692307692307,0.2692307692307692,0.4615384615384615,0.1538461538461538
2016,0.2314814814814814,0.3333333333333333,0.5185185185185185,0.5,0.1851851851851851,0.2777777777777778
2096,0.2586206896551724,0.0,0.7241379310344828,0.3793103448275862,0.4137931034482758,0.2068965517241379
2001,0.2941176470588235,0.0,0.5882352941176471,0.1176470588235294,0.3529411764705882,0.3529411764705882
2004,0.1666666666666666,0.0,0.2222222222222222,0.2222222222222222,0.3333333333333333,0.4444444444444444
2035,0.0,0.0,1.0,0.0,0.4,0.6
2043,0.3043478260869565,0.0,0.5217391304347826,0.1304347826086956,0.3478260869565217,0.4347826086956521
2196,0.203125,0.0,0.40625,0.25,0.4375,0.3125
2111,0.2916666666666667,0.0,0.5833333333333334,0.25,0.5,0.1666666666666666
2105,0.3636363636363636,0.3333333333333333,0.3939393939393939,0.3333333333333333,0.2424242424242424,0.3939393939393939
2112,0.1428571428571428,0.0,0.0714285714285714,0.0714285714285714,0.3571428571428571,0.5714285714285714
2008,0.4166666666666667,0.0,0.6666666666666666,0.0555555555555555,0.4444444444444444,0.4444444444444444
2032,0.2307692307692307,0.3653846153846154,0.4615384615384615,0.3076923076923077,0.1923076923076923,0.3653846153846153
2030,0.2631578947368421,0.3421052631578947,0.5526315789473685,0.2368421052631578,0.3157894736842105,0.3684210526315789
2020,0.2790697674418604,0.2558139534883721,0.5116279069767442,0.4883720930232558,0.3255813953488372,0.1627906976744186
2108,0.2391304347826087,0.0,0.5217391304347826,0.217391304347826,0.4347826086956521,0.3478260869565217
2186,0.3260869565217391,0.0,0.391304347826087,0.3043478260869565,0.3043478260869565,0.391304347826087
2109,0.2156862745098039,0.196078431372549,0.6470588235294118,0.3137254901960784,0.2352941176470588,0.1764705882352941
2192,0.4324324324324324,0.3783783783783784,0.2702702702702703,0.4054054054054054,0.3513513513513513,0.2432432432432432
2170,0.2,0.1777777777777778,0.6666666666666666,0.3111111111111111,0.3333333333333333,0.3333333333333333
2068,0.2368421052631578,0.0,0.4210526315789473,0.0526315789473684,0.631578947368421,0.3157894736842105
2012,0.2266666666666666,0.6533333333333333,0.2666666666666666,0.24,0.2,0.3066666666666666
2048,0.2285714285714285,0.0,0.8,0.1714285714285714,0.2857142857142857,0.4571428571428571
2059,0.1785714285714285,0.4428571428571428,0.4142857142857143,0.1857142857142857,0.5142857142857142,0.2714285714285714
2143,0.2058823529411764,0.0,0.1764705882352941,0.2352941176470588,0.2941176470588235,0.4705882352941176
2011,0.25,0.0,0.6176470588235294,0.2058823529411764,0.4705882352941176,0.3235294117647059
2003,0.1875,0.0,0.6875,0.25,0.3125,0.4375
2003,0.4090909090909091,0.0,0.6818181818181818,0.3636363636363636,0.3181818181818182,0.3181818181818182
2149,0.2093023255813953,0.0,0.7674418604651163,0.2558139534883721,0.3953488372093023,0.2790697674418604
2088,0.2659574468085106,0.2553191489361702,0.574468085106383,0.0851063829787234,0.3617021276595745,0.4042553191489361
2199,0.35,0.0,0.5,0.3,0.3,0.4
2093,0.2368421052631578,0.2631578947368421,0.5,0.2894736842105263,0.2368421052631578,0.3157894736842105
2113,0.2638888888888889,0.0,0.7222222222222222,0.4722222222222222,0.25,0.2222222222222222
2011,0.1590909090909091,0.0,0.3181818181818182,0.1818181818181818,0.5,0.3181818181818182
2156,0.2352941176470588,0.0,0.7352941176470589,0.5,0.2941176470588235,0.2058823529411764
2016,0.2608695652173913,0.0,0.5217391304347826,0.1304347826086956,0.6086956521739131,0.2608695652173913
2047,0.3541666666666667,0.0,0.625,0.2916666666666667,0.3333333333333333,0.375
2072,0.3043478260869565,0.0,0.6521739130434783,0.2608695652173913,0.2608695652173913,0.4782608695652174
2004,0.2777777777777778,0.0,0.5555555555555556,0.0555555555555555,0.5555555555555556,0.3333333333333333
2048,0.2435897435897435,0.0512820512820513,0.4871794871794871,0.282051282051282,0.282051282051282,0.3846153846153846
2159,0.2291666666666666,0.3125,0.4791666666666667,0.2291666666666666,0.4166666666666667,0.2916666666666667
2070,0.1846153846153846,0.4461538461538461,0.3692307692307692,0.4307692307692308,0.1538461538461538,0.2153846153846154
2060,0.1333333333333333,0.0,0.3333333333333333,0.3333333333333333,0.4666666666666667,0.2
2047,0.5384615384615384,0.0,0.6153846153846154,0.2307692307692307,0.1538461538461538,0.6153846153846154
2001,0.1883116883116883,0.5324675324675325,0.3896103896103896,0.4025974025974026,0.0909090909090909,0.2467532467532467
2061,0.2058823529411764,0.0,0.8235294117647058,0.4705882352941176,0.2647058823529412,0.2352941176470588
2043,0.24,0.0,0.4,0.08,0.32,0.48
2122,0.2352941176470588,0.0,0.5588235294117647,0.2352941176470588,0.2941176470588235,0.4705882352941176
2102,0.2555555555555555,0.4,0.4222222222222222,0.0666666666666666,0.4666666666666667,0.2444444444444444
2051,0.2608695652173913,0.0,0.6956521739130435,0.217391304347826,0.3478260869565217,0.3478260869565217
2027,0.1785714285714285,0.0,0.8333333333333334,0.3571428571428571,0.2142857142857142,0.2142857142857142
2074,0.1842105263157894,0.0,0.6052631578947368,0.2631578947368421,0.3947368421052631,0.3157894736842105
2152,0.3611111111111111,0.1388888888888888,0.3333333333333333,0.2777777777777778,0.4444444444444444,0.2777777777777778
2009,0.2894736842105263,0.1842105263157895,0.631578947368421,0.4210526315789473,0.3684210526315789,0.1842105263157894
2169,0.3225806451612903,0.0967741935483871,0.4516129032258064,0.4193548387096774,0.2903225806451613,0.2903225806451613
2148,0.3,0.48,0.3,0.1,0.4,0.26
2084,0.2954545454545454,0.4772727272727273,0.3409090909090909,0.3636363636363636,0.2954545454545454,0.3181818181818182
2102,0.2258064516129032,0.0,0.7419354838709677,0.2258064516129032,0.2580645161290322,0.4516129032258064
2000,0.2179487179487179,0.0,0.8461538461538461,0.2564102564102564,0.2564102564102564,0.3846153846153846
2135,0.2564102564102564,0.0256410256410256,0.717948717948718,0.282051282051282,0.3846153846153846,0.282051282051282
2026,0.238095238095238,0.0,0.3333333333333333,0.0,0.6190476190476191,0.3809523809523809
2147,0.4772727272727273,0.0454545454545454,0.7272727272727273,0.2727272727272727,0.4090909090909091,0.3181818181818182
2004,0.25,0.0,0.8636363636363636,0.1363636363636363,0.3181818181818182,0.3181818181818182
2167,0.2142857142857142,0.2857142857142857,0.3877551020408163,0.1836734693877551,0.3265306122448979,0.2244897959183673
2121,0.3088235294117647,0.1470588235294118,0.4705882352941176,0.2058823529411764,0.5,0.2647058823529412
2161,0.1956521739130435,0.0,0.4347826086956521,0.1739130434782608,0.4782608695652174,0.3478260869565217
2101,0.225,0.0,0.3,0.25,0.45,0.3
2145,0.1896551724137931,0.5,0.3793103448275862,0.1724137931034483,0.2413793103448276,0.2758620689655172
2036,0.325,0.0,0.55,0.1,0.4,0.5
2073,0.25,0.0,0.5625,0.1875,0.3125,0.5
2001,0.2307692307692307,0.0,0.6410256410256411,0.2051282051282051,0.5641025641025641,0.1794871794871795
2043,0.1625,0.0,0.8,0.35,0.35,0.225
2085,0.2619047619047619,0.0,0.6190476190476191,0.1904761904761904,0.4285714285714285,0.3333333333333333
2120,0.1304347826086956,0.0,0.2608695652173913,0.391304347826087,0.3478260869565217,0.2608695652173913
2012,0.3863636363636363,0.0,0.5909090909090909,0.2727272727272727,0.4090909090909091,0.3181818181818182
2117,0.25,0.1904761904761904,0.5952380952380952,0.3333333333333333,0.3809523809523809,0.2619047619047619
2054,0.3448275862068966,0.1379310344827586,0.4827586206896552,0.2758620689655172,0.5517241379310345,0.1724137931034483
2130,0.3478260869565217,0.0,0.6521739130434783,0.1739130434782608,0.5217391304347826,0.3043478260869565
2064,0.2241379310344827,0.0,0.8620689655172413,0.4827586206896552,0.2758620689655172,0.2413793103448276
2051,0.25,0.0,0.5,0.3333333333333333,0.3333333333333333,0.3333333333333333
2023,0.2941176470588235,0.0,0.4705882352941176,0.2352941176470588,0.3529411764705882,0.4117647058823529
2035,0.25,0.3695652173913043,0.4130434782608695,0.2608695652173913,0.217391304347826,0.3478260869565217
2037,0.2592592592592592,0.2407407407407407,0.5,0.2222222222222222,0.3518518518518518,0.2407407407407407
2196,0.1858974358974359,0.4230769230769231,0.5128205128205128,0.3717948717948718,0.2692307692307692,0.1538461538461538
2062,0.2941176470588235,0.0,0.3529411764705882,0.1176470588235294,0.4117647058823529,0.4705882352941176
2097,0.5,0.0416666666666666,0.4583333333333333,0.1666666666666666,0.5416666666666666,0.2916666666666667
2050,0.3571428571428571,0.0,0.3809523809523809,0.0952380952380952,0.6666666666666666,0.238095238095238
2000,0.1956521739130435,0.0,0.8695652173913043,0.4347826086956521,0.3043478260869565,0.2608695652173913
2025,0.2435897435897435,0.1025641025641025,0.6153846153846154,0.1538461538461538,0.3076923076923077,0.2564102564102564
2154,0.3888888888888889,0.037037037037037,0.5185185185185185,0.1481481481481481,0.4074074074074074,0.3703703703703703
2060,0.2272727272727272,0.0,0.3939393939393939,0.2424242424242424,0.3939393939393939,0.303030303030303
2118,0.2307692307692307,0.0,0.3846153846153846,0.1538461538461538,0.4615384615384615,0.3846153846153846
2068,0.24,0.0,0.64,0.36,0.28,0.32
2010,0.25,0.28,0.42,0.46,0.18,0.34
2157,0.2096774193548387,0.0,0.7419354838709677,0.2903225806451613,0.3225806451612903,0.3548387096774194
2036,0.18,0.0,0.64,0.4,0.32,0.28
2016,0.25,0.0,0.5,0.1,0.4,0.5
2011,0.3823529411764705,0.0,0.5882352941176471,0.2352941176470588,0.5294117647058824,0.2352941176470588
2115,0.3275862068965517,0.0344827586206896,0.6896551724137931,0.4137931034482758,0.3448275862068966,0.2413793103448276
2068,0.2777777777777778,0.3148148148148147,0.3888888888888889,0.4074074074074074,0.2037037037037037,0.2222222222222222
2069,0.3181818181818182,0.3181818181818182,0.4545454545454545,0.2954545454545454,0.3636363636363636,0.3409090909090909
2028,0.1888888888888888,0.0,0.7333333333333333,0.4444444444444444,0.3333333333333333,0.2
2121,0.1956521739130435,0.4202898550724637,0.4057971014492754,0.217391304347826,0.4492753623188406,0.2028985507246377
2108,0.2857142857142857,0.0,0.5714285714285714,0.1785714285714285,0.4642857142857143,0.3214285714285714
2074,0.3181818181818182,0.0,0.5,0.0909090909090909,0.5454545454545454,0.3636363636363636
2162,0.2285714285714285,0.5428571428571429,0.3142857142857143,0.3714285714285714,0.1285714285714285,0.3428571428571428
2192,0.2142857142857142,0.0,1.0,0.1428571428571428,0.2857142857142857,0.5714285714285714
2106,0.2314814814814814,0.3703703703703703,0.4074074074074074,0.2037037037037037,0.5370370370370371,0.2407407407407407
2054,0.2708333333333333,0.0,0.25,0.1666666666666666,0.5,0.3333333333333333
2189,0.2368421052631578,0.0,0.7105263157894737,0.5526315789473685,0.2368421052631578,0.1842105263157894
2129,0.3928571428571428,0.0,0.5,0.0714285714285714,0.4285714285714285,0.5
2070,0.3484848484848485,0.1515151515151515,0.4848484848484848,0.303030303030303,0.3333333333333333,0.3636363636363636
2032,0.0,0.0,1.0,0.0,0.0,1.0
2035,0.2333333333333333,0.0,0.4,0.2666666666666666,0.4666666666666667,0.2666666666666666
2008,0.3522727272727273,0.2727272727272727,0.4545454545454545,0.3181818181818182,0.3636363636363636,0.3181818181818182
2069,0.4655172413793103,0.2413793103448276,0.4482758620689655,0.2413793103448276,0.3448275862068966,0.3793103448275862
2135,0.2794117647058823,0.088235294117647,0.7352941176470589,0.3529411764705882,0.3235294117647059,0.3235294117647059
2069,0.25,0.0,0.7777777777777778,0.1944444444444444,0.3055555555555556,0.3611111111111111
2049,0.225,0.6333333333333333,0.2833333333333333,0.4333333333333333,0.15,0.25
2015,0.2857142857142857,0.0,0.7142857142857143,0.1785714285714285,0.3928571428571428,0.3928571428571428
2121,0.48,0.16,0.4,0.28,0.4,0.28
2131,0.1785714285714285,0.0,0.75,0.3214285714285714,0.4285714285714285,0.2142857142857142
2068,0.2794117647058823,0.2058823529411765,0.4705882352941176,0.1470588235294117,0.4117647058823529,0.3823529411764705
2035,0.18,0.0,0.52,0.16,0.36,0.4
2150,0.1896551724137931,0.0,0.6551724137931034,0.3103448275862069,0.2758620689655172,0.3793103448275862
2157,0.1973684210526315,0.0,0.6052631578947368,0.3684210526315789,0.2105263157894736,0.3157894736842105
2135,0.1987951807228915,0.6626506024096386,0.180722891566265,0.3855421686746988,0.108433734939759,0.1927710843373494
2168,0.2272727272727272,0.0,0.7272727272727273,0.2424242424242424,0.3636363636363636,0.3636363636363636
2082,0.3064516129032258,0.0967741935483871,0.6774193548387096,0.2903225806451613,0.2903225806451613,0.3870967741935484
2160,0.5555555555555556,0.0,0.5555555555555556,0.3333333333333333,0.3333333333333333,0.3333333333333333
2007,0.3189655172413793,0.4827586206896551,0.3620689655172414,0.396551724137931,0.2241379310344827,0.293103448275862
2011,0.2352941176470588,0.0,0.7058823529411765,0.3235294117647059,0.3235294117647059,0.3235294117647059
2113,0.238095238095238,0.0,0.6666666666666666,0.3809523809523809,0.238095238095238,0.3809523809523809
2093,0.25,0.0,0.7222222222222222,0.3333333333333333,0.3611111111111111,0.25
2103,0.2560975609756097,0.048780487804878,0.6341463414634146,0.073170731707317,0.3170731707317073,0.3170731707317073
2037,0.1818181818181818,0.0,0.5,0.0454545454545454,0.4545454545454545,0.4545454545454545
2004,0.2619047619047619,0.1666666666666666,0.5476190476190477,0.3333333333333333,0.2619047619047619,0.2857142857142857
2080,0.25,0.1052631578947368,0.8157894736842105,0.1578947368421052,0.5526315789473685,0.2631578947368421
2071,0.1388888888888889,0.0,0.2777777777777778,0.0,0.5555555555555556,0.4444444444444444
2042,0.2884615384615384,0.0,0.6153846153846154,0.2692307692307692,0.4615384615384615,0.2692307692307692
2007,0.1923076923076923,0.0,0.5769230769230769,0.1538461538461538,0.4230769230769231,0.4230769230769231
2170,0.2363636363636363,0.3636363636363636,0.4909090909090909,0.2,0.3818181818181818,0.2727272727272727
2110,0.2941176470588235,0.5294117647058824,0.3333333333333333,0.1764705882352941,0.4901960784313725,0.2549019607843137
2120,0.2,0.1333333333333333,0.7111111111111111,0.1777777777777777,0.3111111111111111,0.4222222222222222
2153,0.1428571428571428,0.0,0.1904761904761904,0.0952380952380952,0.2857142857142857,0.5714285714285714
2097,0.3125,0.125,0.5,0.35,0.325,0.325
2065,0.1818181818181818,0.0,0.2272727272727272,0.0,0.5909090909090909,0.3636363636363636
2032,0.3809523809523809,0.0,0.6666666666666666,0.4761904761904761,0.2857142857142857,0.238095238095238
2172,0.3333333333333333,0.0,0.7083333333333334,0.1666666666666666,0.5,0.3333333333333333
2122,0.3636363636363636,0.0,0.7727272727272727,0.2272727272727272,0.5,0.2727272727272727
2015,0.296875,0.0625,0.6875,0.34375,0.28125,0.375
2181,0.2352941176470588,0.3921568627450981,0.4117647058823529,0.2352941176470588,0.1764705882352941,0.2156862745098039
2026,0.4,0.0,0.45,0.15,0.5,0.35
2057,0.2083333333333333,0.25,0.6458333333333334,0.2291666666666666,0.4166666666666667,0.2708333333333333
2085,0.203125,0.0,0.59375,0.28125,0.5,0.1875
2083,0.2857142857142857,0.3095238095238095,0.4047619047619047,0.3809523809523809,0.2857142857142857,0.2142857142857142
2078,0.2833333333333333,0.0,0.4333333333333333,0.2666666666666666,0.4666666666666667,0.2666666666666666
2037,0.2121212121212121,0.0,0.5454545454545454,0.3333333333333333,0.2727272727272727,0.2727272727272727
2059,0.2959183673469387,0.6122448979591837,0.2653061224489796,0.3265306122448979,0.2653061224489796,0.2653061224489796
2082,0.2384615384615384,0.2615384615384615,0.4923076923076923,0.4,0.1692307692307692,0.3230769230769231
2090,0.1884057971014492,0.3043478260869565,0.5507246376811594,0.4202898550724637,0.3043478260869565,0.1884057971014492
2090,0.2177419354838709,0.1774193548387096,0.4677419354838709,0.2580645161290322,0.4516129032258064,0.1774193548387097
2168,0.2727272727272727,0.1136363636363636,0.7272727272727273,0.1136363636363636,0.3863636363636363,0.3409090909090909
2096,0.425,0.35,0.55,0.475,0.3,0.2
2060,0.21875,0.1458333333333333,0.6875,0.2083333333333333,0.2916666666666667,0.3541666666666667
2013,0.1805555555555555,0.0,0.6944444444444444,0.1388888888888889,0.4444444444444444,0.3055555555555556
2176,0.1923076923076923,0.0,0.5384615384615384,0.3076923076923077,0.2307692307692307,0.4615384615384615
2141,0.4375,0.0,0.6666666666666666,0.4583333333333333,0.25,0.2916666666666667
2042,0.2101449275362318,0.5217391304347826,0.3768115942028985,0.2028985507246377,0.144927536231884,0.3333333333333333
2162,0.3191489361702128,0.3191489361702128,0.5319148936170213,0.2978723404255319,0.3829787234042553,0.3191489361702128
2023,0.2142857142857142,0.2142857142857143,0.5952380952380952,0.3095238095238095,0.3809523809523809,0.238095238095238
2179,0.3333333333333333,0.0,0.4666666666666667,0.0666666666666666,0.5333333333333333,0.4
2082,0.35,0.0,0.2,0.1,0.4,0.5
2123,0.3571428571428571,0.0,0.1428571428571428,0.2857142857142857,0.2857142857142857,0.4285714285714285
2061,0.2288135593220339,0.4406779661016949,0.3389830508474576,0.423728813559322,0.1864406779661017,0.3050847457627119
2006,0.2065217391304347,0.0,0.5217391304347826,0.1521739130434782,0.4347826086956521,0.3478260869565217
2032,0.3023255813953488,0.3023255813953488,0.3953488372093023,0.1395348837209302,0.2325581395348837,0.3720930232558139
2167,0.1333333333333333,0.0,0.5333333333333333,0.3333333333333333,0.3333333333333333,0.3333333333333333
2008,0.1626506024096385,0.6385542168674698,0.2048192771084337,0.4578313253012048,0.0963855421686747,0.2289156626506024
2028,0.25,0.0,0.35,0.2,0.35,0.45
2101,0.1666666666666666,0.0,0.3333333333333333,0.0,0.4166666666666667,0.5833333333333334
2017,0.1949152542372881,0.3898305084745762,0.3728813559322034,0.3389830508474576,0.1525423728813559,0.2711864406779661
2116,0.25,0.0,0.8157894736842105,0.3684210526315789,0.3947368421052631,0.1578947368421052
2101,0.2205882352941176,0.0,0.8529411764705882,0.3823529411764705,0.3529411764705882,0.2352941176470588
2170,0.25,0.0,0.6666666666666666,0.0555555555555555,0.5555555555555556,0.3333333333333333
2189,0.375,0.0,1.0,0.25,0.25,0.5
2096,0.3620689655172414,0.1379310344827586,0.4827586206896552,0.4137931034482758,0.2068965517241379,0.3103448275862069
2143,0.2314814814814814,0.3333333333333333,0.4259259259259259,0.0925925925925925,0.3888888888888889,0.3148148148148148
2046,0.2142857142857142,0.0,0.4285714285714285,0.0714285714285714,0.5,0.4285714285714285
2110,0.203125,0.0,0.65625,0.25,0.46875,0.28125
2016,0.217391304347826,0.0,0.5217391304347826,0.0434782608695652,0.2608695652173913,0.3043478260869565
2166,0.2439024390243902,0.0,0.8780487804878049,0.2439024390243902,0.2439024390243902,0.3658536585365853
2084,0.2894736842105263,0.5789473684210527,0.2280701754385964,0.3684210526315789,0.2807017543859649,0.175438596491228
2076,0.2941176470588235,0.0588235294117647,0.5588235294117647,0.2352941176470588,0.3529411764705882,0.4117647058823529
2101,0.2857142857142857,0.0,0.4285714285714285,0.0476190476190476,0.4285714285714285,0.5238095238095238
2043,0.3695652173913043,0.0,0.5652173913043478,0.3043478260869565,0.4347826086956521,0.2608695652173913
2065,0.217391304347826,0.0,0.4782608695652174,0.1304347826086956,0.4347826086956521,0.391304347826087
2175,0.2714285714285714,0.1142857142857143,0.6,0.2571428571428571,0.4571428571428571,0.2857142857142857
2163,0.2156862745098039,0.3529411764705882,0.4117647058823529,0.3529411764705882,0.2745098039215686,0.2745098039215686
2011,0.1909090909090909,0.5454545454545454,0.2727272727272727,0.2909090909090909,0.2363636363636363,0.2
2092,0.3333333333333333,0.0,0.4666666666666667,0.2666666666666666,0.4666666666666667,0.2666666666666666
2004,0.3,0.0,0.48,0.32,0.2,0.4
2125,0.2619047619047619,0.0,0.3333333333333333,0.2857142857142857,0.4285714285714285,0.2857142857142857
2017,0.2833333333333333,0.0,0.7,0.2666666666666666,0.2666666666666666,0.3666666666666666
2122,0.2037037037037037,0.0,0.8148148148148148,0.1851851851851851,0.5185185185185185,0.2962962962962963
2155,0.3043478260869565,0.0,0.3043478260869565,0.1739130434782608,0.4782608695652174,0.3478260869565217
2073,0.2777777777777778,0.0,0.8888888888888888,0.0,0.5,0.5
2048,0.1610169491525423,0.1525423728813559,0.7288135593220338,0.3050847457627119,0.288135593220339,0.2203389830508474
2008,0.1333333333333333,0.0,0.2666666666666666,0.1333333333333333,0.4,0.4666666666666667
2151,0.4210526315789473,0.0,0.6842105263157895,0.1578947368421052,0.3157894736842105,0.5263157894736842
2107,0.2127659574468085,0.0425531914893616,0.7021276595744681,0.2765957446808511,0.4042553191489361,0.2765957446808511
2085,0.2450980392156862,0.2745098039215686,0.6470588235294118,0.2745098039215686,0.3137254901960784,0.2549019607843137
2154,0.3055555555555556,0.1388888888888888,0.5,0.2777777777777778,0.3888888888888889,0.3333333333333333
2062,0.38,0.04,0.68,0.52,0.32,0.16
2150,0.217391304347826,0.3768115942028985,0.3478260869565217,0.217391304347826,0.2753623188405797,0.3043478260869565
2108,0.26,0.0,0.76,0.4,0.32,0.24
2006,0.1904761904761904,0.0,0.6190476190476191,0.3333333333333333,0.238095238095238,0.4285714285714285
2007,0.3055555555555556,0.0,0.3888888888888889,0.0,0.3888888888888889,0.4444444444444444
2164,0.25,0.0238095238095238,0.6190476190476191,0.238095238095238,0.4285714285714285,0.3095238095238095
2032,0.38,0.24,0.6,0.16,0.44,0.32
2044,0.1875,0.0,1.0,0.0,0.375,0.625
2072,0.3289473684210526,0.4736842105263158,0.3684210526315789,0.1052631578947368,0.4210526315789473,0.3157894736842105
2076,0.1549295774647887,0.352112676056338,0.4507042253521127,0.4507042253521127,0.1126760563380281,0.1267605633802817
2034,0.2258064516129032,0.0,0.6774193548387096,0.064516129032258,0.2903225806451613,0.3225806451612903
2010,0.1818181818181818,0.0,0.1818181818181818,0.0,0.6363636363636364,0.2727272727272727
2183,0.2924528301886792,0.3584905660377359,0.3584905660377358,0.320754716981132,0.3773584905660377,0.2264150943396226
2024,0.1212121212121212,0.0,0.2727272727272727,0.2424242424242424,0.4545454545454545,0.2727272727272727
2037,0.3214285714285714,0.0,0.7142857142857143,0.0,0.5,0.3571428571428571
2021,0.3170731707317073,0.1951219512195121,0.5609756097560976,0.1707317073170731,0.3414634146341463,0.3414634146341463
2094,0.2279411764705882,0.6176470588235294,0.2794117647058823,0.0735294117647058,0.3970588235294117,0.2794117647058823
2188,0.1511627906976744,0.0,0.627906976744186,0.2325581395348837,0.3720930232558139,0.3720930232558139
2014,0.1785714285714285,0.0,0.6428571428571429,0.2142857142857142,0.3571428571428571,0.2619047619047619
2098,0.2755102040816326,0.1224489795918367,0.7142857142857143,0.2857142857142857,0.3061224489795918,0.3469387755102041
2005,0.1666666666666666,0.4230769230769231,0.5256410256410257,0.1666666666666666,0.3076923076923077,0.2564102564102564
2193,0.45,0.0,0.3,0.2,0.3,0.5
2032,0.3382352941176471,0.1176470588235294,0.6176470588235294,0.2647058823529412,0.4411764705882353,0.2647058823529412
2178,0.2727272727272727,0.0,0.2727272727272727,0.0,0.5454545454545454,0.4545454545454545
2126,0.391304347826087,0.0,0.6956521739130435,0.1304347826086956,0.6521739130434783,0.217391304347826
2052,0.2314814814814814,0.3148148148148147,0.5185185185185185,0.2222222222222222,0.4444444444444444,0.1666666666666666
2068,0.3111111111111111,0.4,0.4,0.3111111111111111,0.2444444444444444,0.3777777777777777
2036,0.1888888888888888,0.0,0.6666666666666666,0.2,0.4,0.2222222222222222
2188,0.2586206896551724,0.4827586206896551,0.4310344827586206,0.396551724137931,0.1551724137931034,0.2586206896551724
2011,0.2608695652173913,0.0,0.6521739130434783,0.217391304347826,0.3478260869565217,0.4347826086956521
2034,0.2638888888888889,0.0555555555555555,0.6111111111111112,0.3888888888888889,0.3611111111111111,0.25
2116,0.2222222222222222,0.0,0.5555555555555556,0.2222222222222222,0.5185185185185185,0.2592592592592592
2107,0.25,0.0,0.7777777777777778,0.1666666666666666,0.5,0.3333333333333333
2107,0.3275862068965517,0.0689655172413793,0.4827586206896552,0.2068965517241379,0.4482758620689655,0.3448275862068966
2060,0.3043478260869565,0.0,0.7391304347826086,0.217391304347826,0.4347826086956521,0.3478260869565217
2137,0.238095238095238,0.0,0.3333333333333333,0.1428571428571428,0.4285714285714285,0.4285714285714285
2098,0.2435897435897435,0.1025641025641025,0.7435897435897436,0.3333333333333333,0.3076923076923077,0.3076923076923077
2122,0.2692307692307692,0.0,0.6153846153846154,0.3461538461538461,0.3846153846153846,0.2692307692307692
2015,0.3529411764705882,0.0,0.4117647058823529,0.2352941176470588,0.2352941176470588,0.5294117647058824
2081,0.1595744680851064,0.0,0.6382978723404256,0.2127659574468085,0.3404255319148936,0.3191489361702128
