Player,Captures,Endgame,Middlegame,Major Pieces,Minor Pieces,Pawn
2269,0.2708333333333333,0.0,0.7916666666666666,0.125,0.5833333333333334,0.2916666666666667
2240,0.4444444444444444,0.0,0.7777777777777778,0.2222222222222222,0.5555555555555556,0.2222222222222222
2200,0.2291666666666666,0.0,0.375,0.25,0.2916666666666667,0.4583333333333333
2261,0.3235294117647059,0.1470588235294118,0.5294117647058824,0.3235294117647059,0.3823529411764705,0.2941176470588235
2324,0.25,0.0,0.55,0.1,0.4,0.45
2277,0.2459016393442623,0.5901639344262295,0.2786885245901639,0.2786885245901639,0.1311475409836065,0.3114754098360656
2230,0.2727272727272727,0.0,0.8181818181818182,0.2272727272727272,0.5,0.2727272727272727
2217,0.2659574468085106,0.4042553191489362,0.4468085106382978,0.2340425531914893,0.4680851063829787,0.2127659574468085
2305,0.2051282051282051,0.0,0.8717948717948718,0.4102564102564102,0.282051282051282,0.2564102564102564
2393,0.2156862745098039,0.1764705882352941,0.4901960784313725,0.2941176470588235,0.2156862745098039,0.3137254901960784
2278,0.3684210526315789,0.0,0.5263157894736842,0.2105263157894736,0.3684210526315789,0.4210526315789473
2215,0.1630434782608695,0.0,0.5652173913043478,0.217391304347826,0.4347826086956521,0.3260869565217391
2294,0.3888888888888889,0.0,0.3888888888888889,0.3333333333333333,0.3333333333333333,0.3333333333333333
2264,0.2,0.0,1.0,0.1,0.3,0.6
2252,0.2083333333333333,0.0,0.6944444444444444,0.4166666666666667,0.25,0.2222222222222222
2220,0.2205882352941176,0.5882352941176471,0.1470588235294117,0.2941176470588235,0.2941176470588235,0.2352941176470588
2300,0.2152777777777778,0.6666666666666667,0.2777777777777778,0.3055555555555556,0.1666666666666666,0.3194444444444444
2214,0.109375,0.0,0.71875,0.3125,0.28125,0.375
2262,0.2826086956521739,0.0,0.3478260869565217,0.217391304347826,0.2608695652173913,0.4347826086956521
2310,0.2763157894736842,0.2894736842105263,0.4473684210526316,0.4473684210526316,0.2368421052631578,0.3157894736842105
2286,0.1967213114754098,0.1639344262295081,0.5573770491803278,0.2786885245901639,0.3770491803278688,0.2459016393442623
2203,0.3026315789473684,0.1052631578947368,0.3684210526315789,0.2105263157894736,0.4736842105263157,0.3157894736842105
2259,0.2777777777777778,0.2222222222222222,0.4222222222222222,0.2666666666666666,0.2666666666666666,0.3333333333333333
2203,0.2674418604651162,0.1627906976744185,0.4418604651162791,0.3953488372093023,0.3023255813953488,0.2325581395348837
2226,0.25,0.0,0.6428571428571429,0.1785714285714285,0.3928571428571428,0.25
2320,0.1896551724137931,0.0,0.5172413793103449,0.2068965517241379,0.5172413793103449,0.2068965517241379
2276,0.4047619047619047,0.4285714285714286,0.238095238095238,0.2857142857142857,0.3333333333333333,0.3333333333333333
2213,0.1666666666666666,0.0,0.25,0.0833333333333333,0.4166666666666667,0.5
2395,0.2428571428571428,0.0,0.6,0.2571428571428571,0.3714285714285714,0.2857142857142857
2296,0.3055555555555556,0.0,0.6666666666666666,0.2222222222222222,0.5,0.2777777777777778
2227,0.3620689655172414,0.0689655172413793,0.4827586206896552,0.2413793103448276,0.3103448275862069,0.4482758620689655
2334,0.1875,0.0,0.375,0.2083333333333333,0.3333333333333333,0.4166666666666667
2231,0.21875,0.0,0.5,0.3125,0.3125,0.34375
2213,0.2857142857142857,0.0,0.5,0.0,0.7142857142857143,0.2857142857142857
2285,0.28,0.0,0.68,0.2,0.44,0.36
2232,0.1935483870967742,0.0,0.5806451612903226,0.3225806451612903,0.2258064516129032,0.2903225806451613
2305,0.3265306122448979,0.5102040816326531,0.3469387755102041,0.1632653061224489,0.2040816326530612,0.3469387755102041
2326,0.1818181818181818,0.0,0.3939393939393939,0.2727272727272727,0.303030303030303,0.4242424242424242
2215,0.18,0.02,0.82,0.26,0.48,0.24
2203,0.2457627118644068,0.423728813559322,0.4745762711864407,0.1525423728813559,0.3050847457627119,0.288135593220339
2239,0.375,0.4166666666666666,0.3333333333333333,0.2777777777777778,0.2777777777777778,0.3333333333333333
2236,0.2222222222222222,0.0,0.5555555555555556,0.4444444444444444,0.2592592592592592,0.2962962962962963
2312,0.2708333333333333,0.2916666666666666,0.5416666666666666,0.1875,0.3125,0.3958333333333333
2218,0.2338709677419354,0.467741935483871,0.3387096774193548,0.1290322580645161,0.4516129032258064,0.2096774193548387
2294,0.2291666666666666,0.0,0.5416666666666666,0.4166666666666667,0.2916666666666667,0.2916666666666667
2228,0.1428571428571428,0.0,1.0,0.0,0.7142857142857143,0.2857142857142857
2249,0.2580645161290322,0.0,0.5161290322580645,0.3225806451612903,0.4838709677419355,0.1935483870967742
2336,0.2023809523809523,0.0,0.7619047619047619,0.2857142857142857,0.2857142857142857,0.3809523809523809
2276,0.1728395061728395,0.6419753086419753,0.2098765432098765,0.0864197530864197,0.5432098765432098,0.1975308641975308
2204,0.3125,0.0625,0.5625,0.25,0.3125,0.3125
2291,0.2741935483870967,0.0,0.5161290322580645,0.1612903225806451,0.4838709677419355,0.3548387096774194
2204,0.325,0.0,0.4,0.15,0.5,0.35
2351,0.2727272727272727,0.0,0.6363636363636364,0.2727272727272727,0.3636363636363636,0.3636363636363636
2335,0.2391304347826087,0.0,0.3478260869565217,0.2608695652173913,0.391304347826087,0.3478260869565217
2219,0.3125,0.5357142857142857,0.3571428571428571,0.3571428571428571,0.2142857142857142,0.3214285714285714
2203,0.1428571428571428,0.0,0.2142857142857142,0.2142857142857142,0.4285714285714285,0.3571428571428571
2221,0.2301587301587301,0.6507936507936508,0.2222222222222222,0.4285714285714285,0.1111111111111111,0.3015873015873015
2235,0.3529411764705882,0.0,0.5882352941176471,0.0588235294117647,0.5882352941176471,0.3529411764705882
2361,0.4285714285714285,0.0,0.8571428571428571,0.2857142857142857,0.4761904761904761,0.238095238095238
2217,0.34,0.0,0.4,0.32,0.36,0.32
2260,0.2954545454545454,0.0,0.5454545454545454,0.2727272727272727,0.3636363636363636,0.3636363636363636
2290,0.2647058823529412,0.0294117647058823,0.6176470588235294,0.1764705882352941,0.2941176470588235,0.4117647058823529
2264,0.391304347826087,0.0,0.7391304347826086,0.217391304347826,0.4782608695652174,0.3043478260869565
2279,0.2692307692307692,0.0,0.7692307692307693,0.1153846153846153,0.3846153846153846,0.5
2242,0.282051282051282,0.2307692307692307,0.3846153846153846,0.3076923076923077,0.358974358974359,0.3076923076923077
2311,0.2413793103448276,0.0,0.5517241379310345,0.2413793103448276,0.4137931034482758,0.3103448275862069
2287,0.2954545454545454,0.0,0.5454545454545454,0.3181818181818182,0.3181818181818182,0.3181818181818182
2201,0.282051282051282,0.1794871794871795,0.5128205128205128,0.2307692307692307,0.3333333333333333,0.3846153846153846
2369,0.2708333333333333,0.1875,0.5208333333333334,0.4791666666666667,0.2083333333333333,0.2708333333333333
2317,0.2575757575757575,0.0,0.7575757575757576,0.303030303030303,0.3636363636363636,0.3333333333333333
2201,0.4347826086956521,0.1739130434782608,0.5217391304347826,0.1739130434782608,0.5652173913043478,0.217391304347826
2216,0.225,0.0,0.25,0.1,0.25,0.5
2230,0.2558139534883721,0.1627906976744185,0.5116279069767442,0.3255813953488372,0.3023255813953488,0.3488372093023256
2203,0.2352941176470588,0.2549019607843137,0.6078431372549019,0.392156862745098,0.3529411764705882,0.1568627450980392
2299,0.2333333333333333,0.4499999999999999,0.3,0.3166666666666666,0.1833333333333333,0.35
2321,0.3478260869565217,0.0,0.4782608695652174,0.0869565217391304,0.4347826086956521,0.4782608695652174
2218,0.2166666666666666,0.0,0.6,0.2333333333333333,0.2666666666666666,0.5
2351,0.1419753086419753,0.2469135802469135,0.5308641975308642,0.2962962962962963,0.2592592592592592,0.3086419753086419
2221,0.1666666666666666,0.0,0.1666666666666666,0.1666666666666666,0.4444444444444444,0.3333333333333333
2224,0.1818181818181818,0.0,0.5,0.0909090909090909,0.3181818181818182,0.3181818181818182
2274,0.3095238095238095,0.2857142857142857,0.4047619047619047,0.5714285714285714,0.2619047619047619,0.1666666666666666
2201,0.175,0.0,0.1,0.05,0.35,0.5
2350,0.4137931034482758,0.1724137931034483,0.5517241379310345,0.1034482758620689,0.5862068965517241,0.2758620689655172
2323,0.2083333333333333,0.0,0.375,0.1666666666666666,0.4583333333333333,0.3333333333333333
2334,0.3148148148148148,0.0,0.5555555555555556,0.3333333333333333,0.3703703703703703,0.2962962962962963
2240,0.3548387096774194,0.1612903225806451,0.4838709677419355,0.4193548387096774,0.3225806451612903,0.2580645161290322
2220,0.2272727272727272,0.3090909090909091,0.5818181818181818,0.3090909090909091,0.2,0.2181818181818181
2291,0.2,0.0,0.2,0.0666666666666666,0.3333333333333333,0.6
2322,0.0,0.0,1.0,0.0,0.0,1.0
2209,0.3404255319148936,0.4255319148936169,0.2978723404255319,0.2340425531914893,0.3829787234042553,0.3617021276595745
2206,0.2777777777777778,0.0555555555555555,0.6666666666666666,0.4166666666666667,0.25,0.3333333333333333
2225,0.1842105263157894,0.2280701754385965,0.4561403508771929,0.3859649122807017,0.3508771929824561,0.175438596491228
2302,0.175,0.0,0.45,0.05,0.45,0.5
2263,0.282051282051282,0.1794871794871795,0.3846153846153846,0.2051282051282051,0.3333333333333333,0.358974358974359
2240,0.1875,0.0,1.0,0.125,0.375,0.5
2246,0.1774193548387097,0.0,0.6129032258064516,0.3870967741935484,0.3225806451612903,0.2903225806451613
2230,0.3095238095238095,0.2857142857142857,0.4047619047619047,0.2619047619047619,0.238095238095238,0.3333333333333333
2234,0.2222222222222222,0.0,0.8333333333333334,0.2222222222222222,0.25,0.3611111111111111
2239,0.1707317073170731,0.6219512195121951,0.2682926829268293,0.2804878048780488,0.2682926829268293,0.1951219512195122
2305,0.25,0.0,0.6428571428571429,0.1428571428571428,0.3214285714285714,0.4642857142857143
2232,0.25,0.275,0.4,0.4,0.3,0.25
2275,0.35,0.0,0.5,0.2,0.5,0.3
2384,0.2647058823529412,0.0,0.6470588235294118,0.1764705882352941,0.4117647058823529,0.4117647058823529
2386,0.293103448275862,0.0,0.8275862068965517,0.2068965517241379,0.4482758620689655,0.3448275862068966
2293,0.1818181818181818,0.0,0.3939393939393939,0.1818181818181818,0.4242424242424242,0.3636363636363636
2313,0.16,0.0,0.72,0.44,0.24,0.28
2295,0.171875,0.0,0.375,0.25,0.3125,0.4375
2260,0.3235294117647059,0.0,0.4117647058823529,0.2352941176470588,0.4117647058823529,0.3529411764705882
2263,0.1575342465753424,0.4794520547945206,0.3287671232876712,0.1232876712328767,0.3698630136986301,0.2191780821917808
2220,0.3157894736842105,0.0,0.4736842105263157,0.2631578947368421,0.2631578947368421,0.4736842105263157
2200,0.25,0.0,0.7307692307692307,0.1923076923076923,0.3846153846153846,0.3846153846153846
2247,0.5652173913043478,0.1304347826086956,0.5217391304347826,0.1739130434782608,0.6956521739130435,0.1304347826086956
2212,0.25,0.0,0.5,0.3571428571428571,0.2857142857142857,0.3214285714285714
2203,0.3333333333333333,0.0,0.6666666666666666,0.238095238095238,0.2857142857142857,0.238095238095238
2258,0.2727272727272727,0.0,0.6363636363636364,0.3333333333333333,0.3636363636363636,0.2727272727272727
2270,0.3076923076923077,0.0,0.3846153846153846,0.1538461538461538,0.3846153846153846,0.4615384615384615
2216,0.2941176470588235,0.0,0.5294117647058824,0.1176470588235294,0.5294117647058824,0.3529411764705882
2267,0.1686746987951807,0.5903614457831325,0.3493975903614458,0.3012048192771084,0.1204819277108433,0.1566265060240964
2289,0.217391304347826,0.0,0.6086956521739131,0.1739130434782608,0.3478260869565217,0.4782608695652174
2214,0.2028985507246377,0.5507246376811594,0.2898550724637681,0.1594202898550724,0.2028985507246377,0.217391304347826
2264,0.2,0.0,0.6,0.16,0.52,0.32
2207,0.3571428571428571,0.0,0.5714285714285714,0.1428571428571428,0.4761904761904761,0.3809523809523809
2331,0.2738095238095238,0.1428571428571429,0.5476190476190477,0.3809523809523809,0.3333333333333333,0.1904761904761904
2239,0.2058823529411764,0.0,0.6470588235294118,0.4117647058823529,0.3529411764705882,0.2352941176470588
2200,0.3043478260869565,0.0,0.8695652173913043,0.0869565217391304,0.4782608695652174,0.4347826086956521
2245,0.25,0.0,0.6,0.1333333333333333,0.3666666666666666,0.3
2205,0.3461538461538461,0.0,0.3846153846153846,0.1538461538461538,0.5384615384615384,0.3076923076923077
2290,0.2169811320754717,0.1320754716981131,0.4716981132075472,0.2830188679245283,0.2264150943396226,0.3018867924528302
2336,0.2088607594936709,0.4683544303797469,0.3544303797468354,0.3037974683544304,0.379746835443038,0.2784810126582278
2209,0.1538461538461538,0.0,0.4230769230769231,0.1153846153846153,0.3846153846153846,0.4615384615384615
2242,0.2837837837837837,0.054054054054054,0.6216216216216216,0.3243243243243243,0.3783783783783784,0.2702702702702703
2208,0.3461538461538461,0.1153846153846154,0.5384615384615384,0.2692307692307692,0.4615384615384615,0.2307692307692307
2210,0.3409090909090909,0.0,0.6818181818181818,0.0454545454545454,0.2727272727272727,0.5
2258,0.2714285714285714,0.0857142857142857,0.7714285714285715,0.3142857142857143,0.3142857142857143,0.2571428571428571
2396,0.2545454545454545,0.3818181818181818,0.509090909090909,0.2909090909090909,0.2363636363636363,0.2727272727272727
2276,0.375,0.0,0.5833333333333334,0.25,0.5,0.25
2264,0.1896551724137931,0.4942528735632183,0.4137931034482758,0.2873563218390804,0.2528735632183908,0.2873563218390804
2308,0.2659574468085106,0.0638297872340425,0.8297872340425532,0.4680851063829787,0.1914893617021276,0.2978723404255319
2278,0.2647058823529412,0.4509803921568627,0.4509803921568627,0.1568627450980392,0.2156862745098039,0.4117647058823529
2296,0.3055555555555556,0.0,0.6666666666666666,0.2222222222222222,0.5,0.2777777777777778
2300,0.2313432835820895,0.5970149253731343,0.2686567164179104,0.1194029850746268,0.4328358208955223,0.1940298507462686
2219,0.3372093023255814,0.3488372093023255,0.4186046511627907,0.3255813953488372,0.2093023255813953,0.3488372093023256
2243,0.3181818181818182,0.0,0.5454545454545454,0.1363636363636363,0.3181818181818182,0.4545454545454545
2211,0.2058823529411764,0.0,0.1176470588235294,0.1764705882352941,0.4117647058823529,0.4117647058823529
2282,0.3666666666666666,0.4222222222222223,0.4222222222222222,0.4222222222222222,0.3555555555555555,0.2222222222222222
2270,0.45,0.0,0.5,0.3,0.1,0.6
2216,0.3125,0.0,0.5,0.125,0.375,0.5
2264,0.5,0.0,0.5263157894736842,0.2105263157894736,0.4210526315789473,0.3684210526315789
2225,0.2857142857142857,0.0,0.6785714285714286,0.2857142857142857,0.3571428571428571,0.3571428571428571
2286,0.391304347826087,0.0,0.8695652173913043,0.3043478260869565,0.3478260869565217,0.3043478260869565
2247,0.2321428571428571,0.0,0.3928571428571428,0.1785714285714285,0.3214285714285714,0.3214285714285714
2334,0.234375,0.0,0.46875,0.125,0.375,0.46875
2232,0.25,0.0,0.6944444444444444,0.3055555555555556,0.3055555555555556,0.25
2240,0.1756756756756756,0.0,0.5945945945945946,0.3783783783783784,0.4054054054054054,0.2162162162162162
2229,0.2361111111111111,0.0,0.8333333333333334,0.3888888888888889,0.25,0.3333333333333333
2235,0.1981132075471698,0.150943396226415,0.4528301886792453,0.1320754716981132,0.3773584905660377,0.2641509433962264
2262,0.3026315789473684,0.0526315789473684,0.6052631578947368,0.3157894736842105,0.2105263157894736,0.3421052631578947
2250,0.2073170731707317,0.0,0.5365853658536586,0.3170731707317073,0.3902439024390244,0.2926829268292683
2250,0.1818181818181818,0.0,0.5,0.1818181818181818,0.5,0.3181818181818182
2305,0.2033898305084746,0.4067796610169492,0.3389830508474576,0.2033898305084746,0.2542372881355932,0.2372881355932203
2307,0.3513513513513513,0.2162162162162162,0.5675675675675675,0.2162162162162162,0.5405405405405406,0.1891891891891892
2224,0.25,0.0,0.6666666666666666,0.3888888888888889,0.2777777777777778,0.3333333333333333
2245,0.17,0.0,0.72,0.42,0.2,0.3
2214,0.2265625,0.359375,0.5,0.421875,0.21875,0.203125
2272,0.21875,0.3333333333333333,0.3333333333333333,0.1458333333333333,0.3333333333333333,0.4375
2270,0.375,0.0,0.7,0.25,0.45,0.3
2211,0.3,0.0,0.35,0.05,0.4,0.5
2241,0.2678571428571428,0.0,0.75,0.1785714285714285,0.5,0.3214285714285714
2296,0.5,0.0,0.6190476190476191,0.3333333333333333,0.3809523809523809,0.2857142857142857
2211,0.2647058823529412,0.0,0.5,0.3235294117647059,0.2647058823529412,0.3529411764705882
2243,0.2666666666666666,0.0,0.2666666666666666,0.1333333333333333,0.2666666666666666,0.6
2287,0.2567567567567567,0.054054054054054,0.7567567567567568,0.2162162162162162,0.5405405405405406,0.2432432432432432
2267,0.234375,0.0,0.46875,0.125,0.46875,0.375
2346,0.2368421052631578,0.4736842105263158,0.3157894736842105,0.2631578947368421,0.1929824561403508,0.2631578947368421
2262,0.15625,0.0,0.71875,0.375,0.4375,0.1875
2386,0.0833333333333333,0.0,1.0,0.1666666666666666,0.3333333333333333,0.5
2263,0.2333333333333333,0.0,0.2,0.0666666666666666,0.7333333333333333,0.2
2352,0.2837837837837837,0.2432432432432432,0.5135135135135135,0.2972972972972973,0.4594594594594595,0.1891891891891892
2283,0.25,0.4615384615384615,0.3653846153846153,0.3461538461538461,0.2692307692307692,0.173076923076923
2257,0.2358490566037736,0.4339622641509434,0.4528301886792453,0.3018867924528302,0.4150943396226415,0.1132075471698113
2303,0.2340425531914893,0.1063829787234043,0.6170212765957447,0.1276595744680851,0.425531914893617,0.4042553191489361
2264,0.2222222222222222,0.0,0.2222222222222222,0.2222222222222222,0.5555555555555556,0.2222222222222222
2267,0.1956521739130435,0.0,0.6956521739130435,0.1304347826086956,0.3478260869565217,0.5217391304347826
2211,0.2407407407407407,0.0,0.3703703703703703,0.1481481481481481,0.4444444444444444,0.3333333333333333
2210,0.2,0.0,0.2666666666666666,0.1333333333333333,0.4666666666666667,0.4
2264,0.3064516129032258,0.032258064516129,0.5806451612903226,0.2580645161290322,0.4516129032258064,0.2580645161290322
2229,0.2941176470588235,0.2058823529411765,0.3823529411764705,0.1764705882352941,0.3823529411764705,0.3529411764705882
2303,0.3039215686274509,0.4901960784313726,0.4117647058823529,0.4117647058823529,0.1568627450980392,0.2745098039215686
2225,0.2619047619047619,0.0,0.6666666666666666,0.238095238095238,0.3809523809523809,0.3809523809523809
2220,0.4545454545454545,0.0454545454545454,0.5,0.0909090909090909,0.5454545454545454,0.2727272727272727
2232,0.2142857142857142,0.3035714285714286,0.3392857142857143,0.1785714285714285,0.4285714285714285,0.2857142857142857
2296,0.2076923076923077,0.5538461538461539,0.2,0.4,0.1692307692307692,0.2923076923076923
2234,0.2,0.0,0.84,0.2,0.44,0.36
2347,0.2179487179487179,0.0,0.7435897435897436,0.3076923076923077,0.2564102564102564,0.358974358974359
2386,0.2307692307692307,0.0,0.7692307692307693,0.3076923076923077,0.4615384615384615,0.2307692307692307
2367,0.2222222222222222,0.0,0.8333333333333334,0.3055555555555556,0.3888888888888889,0.3055555555555556
2318,0.3666666666666666,0.4222222222222223,0.2888888888888888,0.4444444444444444,0.2222222222222222,0.2666666666666666
2293,0.2741935483870967,0.0,0.6129032258064516,0.1935483870967742,0.3548387096774194,0.3870967741935484
2279,0.2888888888888888,0.1999999999999999,0.4888888888888889,0.2,0.4666666666666667,0.3333333333333333
2213,0.18,0.0799999999999999,0.7,0.36,0.28,0.26
2213,0.2236842105263158,0.0,0.631578947368421,0.3421052631578947,0.3947368421052631,0.2631578947368421
2214,0.234375,0.0,0.65625,0.3125,0.53125,0.15625
2264,0.1428571428571428,0.0,1.0,0.2857142857142857,0.4285714285714285,0.2857142857142857
2355,0.2638888888888889,0.1111111111111111,0.7222222222222222,0.2777777777777778,0.3611111111111111,0.2777777777777778
2202,0.3269230769230769,0.0,0.6923076923076923,0.1538461538461538,0.4615384615384615,0.3076923076923077
2202,0.2291666666666666,0.0,0.6666666666666666,0.3333333333333333,0.375,0.2916666666666667
2276,0.4666666666666667,0.0,0.4,0.1333333333333333,0.2666666666666666,0.6
2230,0.1216216216216216,0.0,0.2702702702702703,0.1351351351351351,0.4594594594594595,0.2702702702702703
2236,0.2156862745098039,0.1568627450980392,0.6470588235294118,0.2156862745098039,0.4509803921568627,0.2156862745098039
2366,0.2567567567567567,0.2432432432432432,0.5135135135135135,0.2972972972972973,0.2702702702702703,0.4054054054054054
2329,0.2272727272727272,0.0,0.5909090909090909,0.1363636363636363,0.3636363636363636,0.5
2294,0.3,0.15,0.625,0.3,0.45,0.225
2294,0.3333333333333333,0.0,0.3888888888888889,0.0555555555555555,0.3888888888888889,0.5555555555555556
2210,0.3611111111111111,0.0,0.4444444444444444,0.1666666666666666,0.3888888888888889,0.4444444444444444
2274,0.425,0.0,0.5,0.1,0.45,0.45
2355,0.2083333333333333,0.4833333333333333,0.4166666666666667,0.35,0.1666666666666666,0.3166666666666666
2215,0.27,0.26,0.58,0.24,0.3,0.38
2284,0.1839080459770115,0.6091954022988506,0.1839080459770115,0.2298850574712643,0.3563218390804598,0.2413793103448276
2296,0.3863636363636363,0.0,0.6363636363636364,0.4545454545454545,0.2727272727272727,0.2272727272727272
2218,0.3,0.0999999999999999,0.6,0.375,0.375,0.225
2207,0.2916666666666667,0.0,0.5,0.0833333333333333,0.0833333333333333,0.8333333333333334
2234,0.3382352941176471,0.1764705882352941,0.4411764705882353,0.3235294117647059,0.2647058823529412,0.4117647058823529
2324,0.3,0.0,0.4,0.28,0.36,0.36
2274,0.25,0.0,0.5,0.1,0.5,0.4
2387,0.125,0.0,0.3125,0.0625,0.4375,0.5
2293,0.3235294117647059,0.0,0.4117647058823529,0.2352941176470588,0.2941176470588235,0.4705882352941176
2209,0.2096774193548387,0.0,0.6774193548387096,0.2580645161290322,0.4193548387096774,0.2903225806451613
2335,0.2692307692307692,0.1538461538461538,0.4615384615384615,0.3333333333333333,0.3846153846153846,0.2307692307692307
2257,0.4285714285714285,0.1071428571428571,0.5,0.3214285714285714,0.4642857142857143,0.2142857142857142
2215,0.1842105263157894,0.2456140350877192,0.4035087719298245,0.3684210526315789,0.4035087719298245,0.2105263157894736
2329,0.1724137931034483,0.0,0.4137931034482758,0.2068965517241379,0.3448275862068966,0.3793103448275862
2226,0.3333333333333333,0.0,0.6666666666666666,0.1851851851851851,0.5185185185185185,0.2592592592592592
2222,0.0625,0.0,1.0,0.0625,0.375,0.5625
2362,0.2166666666666666,0.0,0.5666666666666667,0.4333333333333333,0.3,0.2333333333333333
2274,0.2101449275362318,0.6521739130434783,0.1594202898550724,0.217391304347826,0.1014492753623188,0.2463768115942029
2208,0.5,0.3793103448275862,0.4137931034482758,0.3448275862068966,0.4482758620689655,0.2068965517241379
2205,0.2972972972972973,0.1351351351351351,0.6756756756756757,0.2702702702702703,0.3243243243243243,0.2702702702702703
2318,0.0,0.0,1.0,0.0,0.0,1.0
2352,0.1764705882352941,0.0,0.2941176470588235,0.0,0.5294117647058824,0.4705882352941176
2305,0.1967213114754098,0.3934426229508196,0.4426229508196721,0.2459016393442623,0.2459016393442623,0.3934426229508196
2207,0.2647058823529412,0.0,0.5882352941176471,0.0588235294117647,0.2941176470588235,0.4705882352941176
2263,0.2340425531914893,0.2340425531914893,0.6595744680851063,0.1489361702127659,0.3404255319148936,0.3191489361702128
2359,0.2441860465116279,0.1860465116279069,0.627906976744186,0.2558139534883721,0.3720930232558139,0.2325581395348837
2241,0.1951219512195122,0.6219512195121951,0.2682926829268293,0.3170731707317073,0.2560975609756097,0.2195121951219512
2257,0.225,0.0749999999999999,0.775,0.275,0.3,0.25
2220,0.293103448275862,0.0,0.5862068965517241,0.3448275862068966,0.2068965517241379,0.3793103448275862
2234,0.2941176470588235,0.0,0.5882352941176471,0.1764705882352941,0.4117647058823529,0.4117647058823529
2254,0.1666666666666666,0.0,0.5,0.1111111111111111,0.5,0.3888888888888889
2287,0.2456140350877192,0.4561403508771929,0.3508771929824561,0.4035087719298245,0.2280701754385964,0.2456140350877192
2227,0.1530612244897959,0.0,0.7551020408163265,0.3265306122448979,0.2040816326530612,0.2448979591836734
2258,0.3958333333333333,0.0,0.5833333333333334,0.2916666666666667,0.4166666666666667,0.2083333333333333
2212,0.25,0.0,0.5,0.3571428571428571,0.2857142857142857,0.3214285714285714
2208,0.2096774193548387,0.0,0.5806451612903226,0.3225806451612903,0.2903225806451613,0.3870967741935484
2228,0.2327586206896551,0.2068965517241379,0.603448275862069,0.3103448275862069,0.2586206896551724,0.3448275862068966
2231,0.21875,0.0,0.5,0.3125,0.3125,0.34375
2322,0.2413793103448276,0.3620689655172413,0.5689655172413793,0.1724137931034483,0.4310344827586206,0.2758620689655172
2204,0.2096774193548387,0.0,0.6129032258064516,0.2258064516129032,0.2580645161290322,0.4838709677419355
2260,0.21875,0.0,0.5,0.28125,0.40625,0.3125
2387,0.2403846153846154,0.1730769230769231,0.6346153846153846,0.3653846153846153,0.1923076923076923,0.25
2257,0.15,0.0,0.25,0.1,0.4,0.5
2210,0.53125,0.0,0.875,0.3125,0.5,0.1875
2376,0.2285714285714285,0.0,0.4,0.2857142857142857,0.3142857142857143,0.3428571428571428
2280,0.1728395061728395,0.5925925925925926,0.2469135802469135,0.4320987654320987,0.1234567901234567,0.2345679012345679
2280,0.1951219512195122,0.0,0.6341463414634146,0.1951219512195122,0.4634146341463415,0.2926829268292683
2272,0.275,0.0,0.65,0.15,0.35,0.45
2239,0.359375,0.28125,0.3125,0.15625,0.4375,0.34375
2264,0.3541666666666667,0.0,0.5833333333333334,0.0416666666666666,0.75,0.2083333333333333
2202,0.2325581395348837,0.0697674418604651,0.6744186046511628,0.1860465116279069,0.5116279069767442,0.2558139534883721
2210,0.3260869565217391,0.0,0.6956521739130435,0.3478260869565217,0.3478260869565217,0.3043478260869565
2272,0.2727272727272727,0.0,0.5454545454545454,0.1818181818181818,0.3636363636363636,0.4545454545454545
2264,0.1857142857142857,0.0,0.6,0.2857142857142857,0.4285714285714285,0.2571428571428571
2290,0.325,0.0,0.7,0.05,0.5,0.45
2203,0.3478260869565217,0.0,0.6521739130434783,0.1304347826086956,0.4782608695652174,0.3043478260869565
2201,0.1486486486486486,0.0,0.2432432432432432,0.3243243243243243,0.3513513513513513,0.2972972972972973
2264,0.6176470588235294,0.0588235294117647,0.7647058823529411,0.2352941176470588,0.3529411764705882,0.3529411764705882
2296,0.4285714285714285,0.0,0.4761904761904761,0.3333333333333333,0.3333333333333333,0.3333333333333333
2295,0.2352941176470588,0.0,0.5882352941176471,0.4411764705882353,0.2352941176470588,0.2647058823529412
2251,0.4259259259259259,0.1851851851851852,0.3333333333333333,0.2962962962962963,0.4444444444444444,0.2592592592592592
2253,0.2318840579710145,0.5652173913043479,0.2898550724637681,0.1884057971014492,0.2463768115942029,0.3188405797101449
2384,0.25,0.3541666666666666,0.2916666666666667,0.3541666666666667,0.25,0.2708333333333333
2230,0.375,0.0714285714285714,0.75,0.2857142857142857,0.3571428571428571,0.3571428571428571
2229,0.25,0.0,0.65625,0.28125,0.4375,0.28125
2264,0.2551020408163265,0.4489795918367347,0.3673469387755102,0.1224489795918367,0.2857142857142857,0.3265306122448979
2303,0.2340425531914893,0.1063829787234043,0.6170212765957447,0.1276595744680851,0.425531914893617,0.4042553191489361
2203,0.2346938775510204,0.3061224489795918,0.3877551020408163,0.2448979591836734,0.4693877551020408,0.2244897959183673
2347,0.2040816326530612,0.0,0.6530612244897959,0.0612244897959183,0.3469387755102041,0.3673469387755102
2229,0.2338709677419354,0.3225806451612903,0.4516129032258064,0.1774193548387097,0.2903225806451613,0.2741935483870967
2291,0.3382352941176471,0.1470588235294118,0.5588235294117647,0.2941176470588235,0.2352941176470588,0.4117647058823529
2315,0.3571428571428571,0.3142857142857143,0.5714285714285714,0.0857142857142857,0.5142857142857142,0.3428571428571428
2214,0.2066666666666666,0.3333333333333333,0.5466666666666666,0.3733333333333333,0.1466666666666666,0.24
2212,0.1666666666666666,0.0,0.2666666666666666,0.0666666666666666,0.4,0.5333333333333333
2349,0.1666666666666666,0.0,0.3333333333333333,0.0,0.5833333333333334,0.4166666666666667
2291,0.2884615384615384,0.0,0.5384615384615384,0.0769230769230769,0.5769230769230769,0.2692307692307692
2264,0.2666666666666666,0.0,0.4,0.1333333333333333,0.5333333333333333,0.3333333333333333
2226,0.1428571428571428,0.0,0.4285714285714285,0.1428571428571428,0.2857142857142857,0.5714285714285714
2255,0.25,0.0,0.4285714285714285,0.2142857142857142,0.4285714285714285,0.3571428571428571
2228,0.25,0.2291666666666666,0.6875,0.3125,0.2916666666666667,0.3333333333333333
2221,0.2611940298507462,0.5223880597014925,0.3283582089552239,0.373134328358209,0.2686567164179104,0.2388059701492537
2210,0.2674418604651162,0.0930232558139535,0.7209302325581395,0.1627906976744186,0.3720930232558139,0.3023255813953488
2264,0.2692307692307692,0.1282051282051282,0.6153846153846154,0.4358974358974359,0.3076923076923077,0.2051282051282051
2207,0.375,0.0,0.75,0.4,0.25,0.25
2283,0.45,0.0,0.5,0.1,0.6,0.3
2210,0.3148148148148148,0.0,0.6296296296296297,0.2222222222222222,0.4814814814814814,0.2962962962962963
2312,0.2352941176470588,0.2941176470588235,0.5098039215686274,0.4313725490196078,0.2549019607843137,0.2352941176470588
2264,0.3333333333333333,0.037037037037037,0.7037037037037037,0.2962962962962963,0.4074074074074074,0.2962962962962963
2230,0.2545454545454545,0.4,0.4727272727272727,0.3636363636363636,0.1818181818181818,0.2545454545454545
2300,0.3085106382978723,0.3829787234042553,0.4042553191489361,0.3617021276595745,0.3829787234042553,0.1914893617021276
2210,0.3043478260869565,0.2826086956521739,0.6304347826086957,0.2826086956521739,0.2391304347826087,0.3260869565217391
2264,0.3043478260869565,0.0,0.5217391304347826,0.391304347826087,0.3478260869565217,0.2608695652173913
2206,0.4285714285714285,0.0,0.5714285714285714,0.2142857142857142,0.3571428571428571,0.4285714285714285
2222,0.1428571428571428,0.0,0.5238095238095238,0.3333333333333333,0.3571428571428571,0.2857142857142857
2264,0.2222222222222222,0.0,0.8333333333333334,0.1388888888888889,0.3333333333333333,0.4166666666666667
2309,0.2307692307692307,0.1025641025641025,0.6923076923076923,0.282051282051282,0.358974358974359,0.358974358974359
2207,0.3571428571428571,0.0,0.7857142857142857,0.2142857142857142,0.3571428571428571,0.4285714285714285
2207,0.2307692307692307,0.0,0.4230769230769231,0.2307692307692307,0.3461538461538461,0.4230769230769231
2311,0.2903225806451613,0.0,0.3870967741935484,0.2580645161290322,0.2903225806451613,0.3870967741935484
2291,0.3333333333333333,0.0,0.6666666666666666,0.4761904761904761,0.3333333333333333,0.1904761904761904
2294,0.15625,0.0,0.1875,0.25,0.3125,0.4375
2204,0.2272727272727272,0.0,0.7575757575757576,0.303030303030303,0.303030303030303,0.3333333333333333
2243,0.2129629629629629,0.2407407407407407,0.5925925925925926,0.2962962962962963,0.3888888888888889,0.2222222222222222
2255,0.2258064516129032,0.0,0.7741935483870968,0.2258064516129032,0.3225806451612903,0.3225806451612903
2318,0.3235294117647059,0.1470588235294118,0.5588235294117647,0.2941176470588235,0.4117647058823529,0.2647058823529412
2249,0.25,0.131578947368421,0.631578947368421,0.1578947368421052,0.4210526315789473,0.2894736842105263
2247,0.3095238095238095,0.0,0.7619047619047619,0.238095238095238,0.3809523809523809,0.3809523809523809
2264,0.1825396825396825,0.0634920634920634,0.7936507936507936,0.3174603174603174,0.365079365079365,0.2063492063492063
2303,0.3409090909090909,0.409090909090909,0.2954545454545454,0.4318181818181818,0.2954545454545454,0.2727272727272727
2274,0.3235294117647059,0.3921568627450981,0.2549019607843137,0.392156862745098,0.2549019607843137,0.2941176470588235
2363,0.1296296296296296,0.2469135802469135,0.5308641975308642,0.4567901234567901,0.2839506172839506,0.1728395061728395
2210,0.2592592592592592,0.0,0.7037037037037037,0.1111111111111111,0.4814814814814814,0.4074074074074074
2228,0.2307692307692307,0.0769230769230768,0.5128205128205128,0.2564102564102564,0.1794871794871795,0.4102564102564102
2240,0.0714285714285714,0.8057142857142857,0.1542857142857142,0.7314285714285714,0.0571428571428571,0.12
2346,0.0,0.0,1.0,0.0,0.0,1.0
2208,0.2678571428571428,0.0,0.8214285714285714,0.0714285714285714,0.5,0.3928571428571428
2287,0.44,0.16,0.76,0.24,0.4,0.32
2294,0.2978723404255319,0.3829787234042553,0.3829787234042553,0.2765957446808511,0.2553191489361702,0.2765957446808511
2206,0.25,0.0,0.5333333333333333,0.1666666666666666,0.3333333333333333,0.4
2344,0.0454545454545454,0.0,1.0,0.1363636363636363,0.5,0.3636363636363636
2242,0.2386363636363636,0.0909090909090909,0.6136363636363636,0.25,0.3409090909090909,0.25
2215,0.4166666666666667,0.0,0.5,0.1111111111111111,0.6111111111111112,0.2777777777777778
2247,0.3088235294117647,0.1764705882352941,0.6176470588235294,0.2941176470588235,0.3529411764705882,0.2647058823529412
2329,0.4772727272727273,0.0454545454545454,0.6363636363636364,0.2727272727272727,0.4545454545454545,0.2272727272727272
2213,0.217391304347826,0.1739130434782608,0.4565217391304347,0.391304347826087,0.2608695652173913,0.2391304347826087
2233,0.1875,0.0,1.0,0.0,0.5,0.5
2336,0.2083333333333333,0.0,0.6388888888888888,0.25,0.3055555555555556,0.2222222222222222
2245,0.2261904761904762,0.119047619047619,0.7142857142857143,0.1904761904761904,0.4047619047619047,0.2857142857142857
2276,0.1413043478260869,0.4130434782608695,0.4130434782608695,0.4239130434782608,0.2282608695652173,0.1739130434782608
2207,0.2833333333333333,0.0,0.5333333333333333,0.1666666666666666,0.4333333333333333,0.4
2236,0.3142857142857143,0.1428571428571429,0.6285714285714286,0.2857142857142857,0.2571428571428571,0.3428571428571428
2264,0.2115384615384615,0.0,0.8076923076923077,0.1923076923076923,0.4230769230769231,0.3846153846153846
2266,0.3625,0.3,0.45,0.4,0.225,0.325
2214,0.2244897959183673,0.2448979591836735,0.5918367346938775,0.3061224489795918,0.3265306122448979,0.2857142857142857
2262,0.2246376811594203,0.5072463768115942,0.2753623188405797,0.3478260869565217,0.3188405797101449,0.1739130434782608
2203,0.3552631578947368,0.2631578947368421,0.5,0.2368421052631578,0.4210526315789473,0.2894736842105263
2384,0.25,0.3541666666666666,0.2916666666666667,0.3541666666666667,0.25,0.2708333333333333
2275,0.1710526315789473,0.0,0.631578947368421,0.3421052631578947,0.3421052631578947,0.2631578947368421
2320,0.3166666666666666,0.0333333333333333,0.4666666666666667,0.4,0.3,0.2666666666666666
2252,0.2727272727272727,0.0,0.5,0.4090909090909091,0.4090909090909091,0.1818181818181818
2282,0.1333333333333333,0.0,0.1333333333333333,0.1333333333333333,0.2666666666666666,0.5333333333333333
2340,0.2666666666666666,0.0,0.4666666666666667,0.1666666666666666,0.4,0.4333333333333333
2292,0.35,0.0,0.4,0.1,0.5,0.4
2264,0.3392857142857143,0.0,0.5,0.3571428571428571,0.4285714285714285,0.1428571428571428
2231,0.2837837837837837,0.054054054054054,0.5945945945945946,0.2972972972972973,0.3243243243243243,0.3513513513513513
2333,0.2608695652173913,0.0,0.7391304347826086,0.2608695652173913,0.4347826086956521,0.217391304347826
2224,0.1527777777777778,0.0,0.6388888888888888,0.1666666666666666,0.4166666666666667,0.3611111111111111
2356,0.2,0.0,0.64,0.08,0.56,0.36
2225,0.4090909090909091,0.0,0.5454545454545454,0.0909090909090909,0.6363636363636364,0.2727272727272727
2383,0.1666666666666666,0.52,0.3333333333333333,0.32,0.3466666666666667,0.1866666666666666
2305,0.3,0.0,0.56,0.2,0.32,0.4
2264,0.4074074074074074,0.037037037037037,0.6296296296296297,0.2962962962962963,0.3703703703703703,0.3333333333333333
2236,0.2083333333333333,0.0,0.6666666666666666,0.25,0.375,0.375
2301,0.3723404255319149,0.4468085106382978,0.3191489361702128,0.2765957446808511,0.3829787234042553,0.3404255319148936
2204,0.1,0.0,1.0,0.0,0.4666666666666667,0.5333333333333333
2384,0.1914893617021276,0.1489361702127659,0.4893617021276595,0.2553191489361702,0.4042553191489361,0.1914893617021276
2274,0.2608695652173913,0.0,0.6521739130434783,0.0869565217391304,0.6521739130434783,0.2608695652173913
2252,0.2395833333333333,0.2291666666666666,0.6041666666666666,0.4166666666666667,0.2916666666666667,0.1458333333333333
2221,0.25,0.0,0.75,0.05,0.4,0.55
2235,0.217391304347826,0.0,0.6521739130434783,0.1304347826086956,0.5217391304347826,0.3043478260869565
2338,0.3064516129032258,0.0645161290322581,0.4838709677419355,0.3870967741935484,0.3548387096774194,0.2580645161290322
2300,0.2,0.0,0.2666666666666666,0.0666666666666666,0.5333333333333333,0.4
2207,0.203125,0.375,0.515625,0.03125,0.46875,0.234375
2264,0.1571428571428571,0.4714285714285714,0.3571428571428571,0.1428571428571428,0.5857142857142857,0.1571428571428571
2382,0.1067961165048543,0.6019417475728155,0.2912621359223301,0.0388349514563106,0.6116504854368932,0.174757281553398
2225,0.2857142857142857,0.0,0.4285714285714285,0.0714285714285714,0.4285714285714285,0.5
2202,0.0952380952380952,0.0,0.2857142857142857,0.0952380952380952,0.4761904761904761,0.4285714285714285
2264,0.3461538461538461,0.0,0.6153846153846154,0.2307692307692307,0.3846153846153846,0.3846153846153846
2215,0.2872340425531915,0.276595744680851,0.5319148936170213,0.2553191489361702,0.2553191489361702,0.3829787234042553
2218,0.1333333333333333,0.0,0.2,0.0666666666666666,0.4,0.5333333333333333
2323,0.1962025316455696,0.5822784810126582,0.2784810126582278,0.3037974683544304,0.3544303797468354,0.1392405063291139
2301,0.1875,0.0,0.6875,0.125,0.25,0.5625
2203,0.1810344827586207,0.1206896551724138,0.6896551724137931,0.3103448275862069,0.2413793103448276,0.1896551724137931
2215,0.2068965517241379,0.0,0.5517241379310345,0.2068965517241379,0.3793103448275862,0.3793103448275862
2229,0.2454545454545454,0.5818181818181818,0.2363636363636363,0.3818181818181818,0.2181818181818181,0.3272727272727272
2304,0.3269230769230769,0.0,0.6923076923076923,0.3461538461538461,0.3461538461538461,0.2692307692307692
2210,0.1896551724137931,0.0,0.3793103448275862,0.1724137931034483,0.4827586206896552,0.3448275862068966
2210,0.2222222222222222,0.0,0.5555555555555556,0.1111111111111111,0.5,0.2777777777777778
2226,0.2954545454545454,0.0,0.3636363636363636,0.3636363636363636,0.2727272727272727,0.3636363636363636
2322,0.2636363636363636,0.4545454545454546,0.4545454545454545,0.0727272727272727,0.509090909090909,0.1818181818181818
2252,0.3235294117647059,0.1470588235294118,0.3823529411764705,0.3823529411764705,0.2941176470588235,0.3235294117647059
2351,0.25,0.0,0.2916666666666667,0.1666666666666666,0.4583333333333333,0.375
2202,0.2666666666666666,0.4,0.3333333333333333,0.3333333333333333,0.3166666666666666,0.25
2322,0.3076923076923077,0.0512820512820513,0.7948717948717948,0.2307692307692307,0.4358974358974359,0.3076923076923077
2264,0.3611111111111111,0.0,0.6111111111111112,0.3333333333333333,0.2777777777777778,0.3888888888888889
2229,0.25,0.0,0.65625,0.28125,0.4375,0.28125
2208,0.0,0.0,1.0,0.0,0.5,0.5
2216,0.3793103448275862,0.1379310344827586,0.5862068965517241,0.3448275862068966,0.2413793103448276,0.4137931034482758
2294,0.2291666666666666,0.0,0.5416666666666666,0.4166666666666667,0.2916666666666667,0.2916666666666667
2206,0.2571428571428571,0.0857142857142857,0.7428571428571429,0.2285714285714285,0.3142857142857143,0.3142857142857143
2322,0.2818181818181818,0.4181818181818182,0.3818181818181818,0.3636363636363636,0.2545454545454545,0.2363636363636363
2397,0.2653061224489796,0.4285714285714286,0.3469387755102041,0.2040816326530612,0.2653061224489796,0.3877551020408163
2366,0.2307692307692307,0.0,0.8846153846153846,0.2692307692307692,0.4230769230769231,0.3076923076923077
2207,0.2352941176470588,0.0,0.3529411764705882,0.1176470588235294,0.4117647058823529,0.4117647058823529
2235,0.25,0.1842105263157895,0.5263157894736842,0.3157894736842105,0.2368421052631578,0.3947368421052631
2238,0.2285714285714285,0.0,0.6,0.3142857142857143,0.3714285714285714,0.3142857142857143
2240,0.0714285714285714,0.8057142857142857,0.1542857142857142,0.7314285714285714,0.0571428571428571,0.12
2207,0.3035714285714285,0.0,0.7857142857142857,0.1428571428571428,0.5,0.3214285714285714
2214,0.2454545454545454,0.2727272727272727,0.4909090909090909,0.109090909090909,0.3272727272727272,0.2363636363636363
2221,0.1911764705882352,0.0,0.6764705882352942,0.1764705882352941,0.5,0.3235294117647059
2209,0.2894736842105263,0.0,0.7368421052631579,0.3157894736842105,0.5263157894736842,0.1578947368421052
2209,0.2833333333333333,0.0,0.8,0.4666666666666667,0.3666666666666666,0.1333333333333333
2291,0.275,0.0,0.7,0.1,0.4,0.45
2217,0.2553191489361702,0.0638297872340425,0.723404255319149,0.425531914893617,0.2978723404255319,0.2340425531914893
2358,0.4444444444444444,0.0,0.3888888888888889,0.2777777777777778,0.3888888888888889,0.3333333333333333
2294,0.4,0.0,0.65,0.2,0.45,0.35
2294,0.15625,0.0,0.1875,0.25,0.3125,0.4375
2322,0.375,0.0,0.8333333333333334,0.125,0.5416666666666666,0.2083333333333333
2249,0.2674418604651162,0.2093023255813954,0.6046511627906976,0.3720930232558139,0.3488372093023256,0.2325581395348837
2266,0.3382352941176471,0.1176470588235294,0.7058823529411765,0.3529411764705882,0.3235294117647059,0.2647058823529412
2286,0.1454545454545454,0.0,0.7818181818181819,0.4181818181818181,0.2363636363636363,0.2363636363636363
2222,0.171875,0.0,0.40625,0.1875,0.28125,0.53125
2276,0.1857142857142857,0.0,0.6857142857142857,0.2571428571428571,0.4285714285714285,0.2285714285714285
2252,0.2352941176470588,0.0,0.5882352941176471,0.2058823529411764,0.2352941176470588,0.3529411764705882
2368,0.25,0.0,0.6944444444444444,0.3888888888888889,0.3888888888888889,0.2222222222222222
2217,0.1785714285714285,0.0,0.5714285714285714,0.0,0.4285714285714285,0.5714285714285714
2342,0.1428571428571428,0.0,0.4285714285714285,0.2142857142857142,0.5,0.2857142857142857
2228,0.25,0.0,0.2142857142857142,0.5,0.2142857142857142,0.2857142857142857
2240,0.2179487179487179,0.0,0.6923076923076923,0.282051282051282,0.4615384615384615,0.2051282051282051
2287,0.1666666666666666,0.0,0.8333333333333334,0.25,0.4166666666666667,0.3055555555555556
2247,0.2166666666666666,0.0,0.6333333333333333,0.3,0.3,0.4
2316,0.225,0.0,0.55,0.1,0.5,0.4
2205,0.3043478260869565,0.0,0.6521739130434783,0.2608695652173913,0.2608695652173913,0.4347826086956521
2301,0.2142857142857142,0.0,0.7142857142857143,0.1428571428571428,0.4285714285714285,0.4285714285714285
2283,0.2432432432432432,0.1081081081081081,0.7567567567567568,0.2702702702702703,0.3513513513513513,0.2432432432432432
2227,0.1764705882352941,0.0,0.2352941176470588,0.1176470588235294,0.4117647058823529,0.4705882352941176
2213,0.1582278481012658,0.6075949367088608,0.2531645569620253,0.3670886075949367,0.1772151898734177,0.2025316455696202
2270,0.1555555555555555,0.0,0.8222222222222222,0.4888888888888889,0.2,0.2888888888888888
2314,0.2358490566037736,0.4528301886792453,0.3584905660377358,0.1698113207547169,0.2641509433962264,0.3773584905660377
2204,0.2553191489361702,0.1702127659574468,0.5106382978723404,0.1702127659574468,0.2978723404255319,0.3191489361702128
2294,0.5,0.0,0.2,0.4,0.4,0.2
2305,0.282051282051282,0.3333333333333333,0.282051282051282,0.2307692307692307,0.3076923076923077,0.4358974358974359
2353,0.2291666666666666,0.0,0.5833333333333334,0.2083333333333333,0.2916666666666667,0.5
2277,0.2272727272727272,0.3818181818181818,0.4727272727272727,0.2727272727272727,0.2909090909090909,0.3272727272727272
2298,0.2972972972972973,0.1351351351351351,0.5405405405405406,0.2972972972972973,0.3783783783783784,0.2702702702702703
2266,0.2580645161290322,0.0,0.5161290322580645,0.2258064516129032,0.3870967741935484,0.3548387096774194
2300,0.1470588235294117,0.0,0.1176470588235294,0.0588235294117647,0.3529411764705882,0.5882352941176471
2217,0.2058823529411764,0.3823529411764705,0.3088235294117647,0.25,0.2941176470588235,0.25
2273,0.1818181818181818,0.3787878787878788,0.4393939393939394,0.3181818181818182,0.3787878787878788,0.2424242424242424
2313,0.0,0.0,1.0,0.0,0.4,0.6
2318,0.202127659574468,0.0425531914893616,0.574468085106383,0.3404255319148936,0.3191489361702128,0.2765957446808511
2366,0.2567567567567567,0.2432432432432432,0.5135135135135135,0.2972972972972973,0.2702702702702703,0.4054054054054054
2364,0.2333333333333333,0.0,0.2666666666666666,0.1333333333333333,0.3333333333333333,0.5333333333333333
2258,0.3108108108108108,0.2972972972972972,0.3513513513513513,0.3513513513513513,0.2702702702702703,0.3513513513513513
2258,0.375,0.1071428571428571,0.7142857142857143,0.25,0.2857142857142857,0.3928571428571428
2211,0.2111111111111111,0.0444444444444444,0.6888888888888889,0.3777777777777777,0.3333333333333333,0.1555555555555555
2268,0.3222222222222222,0.2888888888888888,0.4444444444444444,0.3777777777777777,0.2444444444444444,0.3333333333333333
2247,0.303030303030303,0.1515151515151515,0.4848484848484848,0.3636363636363636,0.2121212121212121,0.303030303030303
2305,0.0833333333333333,0.0,0.3333333333333333,0.3333333333333333,0.25,0.4166666666666667
2344,0.3653846153846153,0.0769230769230768,0.5384615384615384,0.2692307692307692,0.3461538461538461,0.3846153846153846
2288,0.5217391304347826,0.0869565217391304,0.6521739130434783,0.4782608695652174,0.2608695652173913,0.2608695652173913
2244,0.3611111111111111,0.1944444444444444,0.6111111111111112,0.3611111111111111,0.3055555555555556,0.3333333333333333
2342,0.25,0.0,0.5384615384615384,0.1538461538461538,0.4615384615384615,0.3846153846153846
2269,0.0,0.0,1.0,0.0,0.5,0.5
2294,0.35,0.0,0.6,0.4,0.3,0.3
2398,0.2,0.0,0.5142857142857142,0.4,0.2285714285714285,0.3142857142857143
2344,0.25,0.0,0.9230769230769232,0.1153846153846153,0.5769230769230769,0.2692307692307692
2325,0.2741935483870967,0.0,0.5161290322580645,0.1935483870967742,0.4193548387096774,0.3870967741935484
2263,0.1865671641791045,0.2238805970149253,0.5223880597014925,0.1044776119402985,0.4626865671641791,0.1641791044776119
2267,0.6379310344827587,0.4137931034482759,0.4482758620689655,0.4482758620689655,0.2413793103448276,0.3103448275862069
2209,0.1631578947368421,0.5052631578947369,0.3157894736842105,0.3894736842105263,0.1473684210526315,0.2105263157894736
2295,0.1928571428571428,0.5,0.4285714285714285,0.2714285714285714,0.3142857142857143,0.1142857142857142
2220,0.208955223880597,0.5522388059701493,0.3134328358208955,0.3283582089552239,0.1044776119402985,0.2985074626865671
2239,0.0612244897959183,0.0,0.5714285714285714,0.3061224489795918,0.3673469387755102,0.2040816326530612
2234,0.1853932584269663,0.550561797752809,0.3033707865168539,0.2022471910112359,0.4606741573033708,0.2247191011235955
2279,0.2368421052631578,0.0,0.8421052631578947,0.1578947368421052,0.4210526315789473,0.4210526315789473
2207,0.3191489361702128,0.4042553191489362,0.425531914893617,0.2978723404255319,0.2340425531914893,0.2553191489361702
2277,0.125,0.0,0.05,0.05,0.55,0.4
2209,0.2604166666666667,0.25,0.2916666666666667,0.2083333333333333,0.4166666666666667,0.3125
2299,0.3222222222222222,0.2888888888888888,0.4,0.3333333333333333,0.4,0.2444444444444444
2314,0.2631578947368421,0.0,0.1578947368421052,0.1578947368421052,0.5263157894736842,0.3157894736842105
2222,0.2361111111111111,0.0,0.6944444444444444,0.1666666666666666,0.4166666666666667,0.3611111111111111
2307,0.2608695652173913,0.0,0.6956521739130435,0.3043478260869565,0.391304347826087,0.3043478260869565
2204,0.2375,0.0,0.625,0.3,0.325,0.325
2247,0.2916666666666667,0.0,0.3333333333333333,0.3333333333333333,0.4166666666666667,0.25
2236,0.3,0.0,0.6666666666666666,0.0666666666666666,0.5333333333333333,0.4
2205,0.2763157894736842,0.1578947368421053,0.5789473684210527,0.3421052631578947,0.3684210526315789,0.2631578947368421
2313,0.34375,0.0,0.4375,0.0625,0.5625,0.375
2270,0.25,0.0,0.125,0.375,0.25,0.375
2254,0.265625,0.0,0.8125,0.25,0.34375,0.375
2244,0.1923076923076923,0.0,0.5,0.4230769230769231,0.3076923076923077,0.2692307692307692
2280,0.1739130434782608,0.0,0.7391304347826086,0.217391304347826,0.2608695652173913,0.5217391304347826
2260,0.2333333333333333,0.0,0.2,0.0666666666666666,0.5333333333333333,0.3333333333333333
2279,0.1774193548387097,0.0,0.5806451612903226,0.2580645161290322,0.3548387096774194,0.3548387096774194
2211,0.25,0.0,0.25,0.25,0.375,0.375
2344,0.3108108108108108,0.081081081081081,0.6486486486486487,0.4054054054054054,0.3513513513513513,0.2432432432432432
2235,0.3,0.0571428571428571,0.6,0.2571428571428571,0.4,0.3142857142857143
2216,0.3421052631578947,0.131578947368421,0.6052631578947368,0.2894736842105263,0.3421052631578947,0.3157894736842105
2203,0.4166666666666667,0.0,0.5555555555555556,0.1666666666666666,0.2777777777777778,0.5
2241,0.2888888888888888,0.4,0.4444444444444444,0.3111111111111111,0.3777777777777777,0.2
2291,0.3076923076923077,0.0,0.6538461538461539,0.1538461538461538,0.4230769230769231,0.3461538461538461
2229,0.3333333333333333,0.1515151515151515,0.5151515151515151,0.2727272727272727,0.3333333333333333,0.3636363636363636
2318,0.4166666666666667,0.0,0.5833333333333334,0.2916666666666667,0.4166666666666667,0.2916666666666667
2291,0.3888888888888889,0.0,0.6111111111111112,0.1666666666666666,0.5,0.3333333333333333
2247,0.3088235294117647,0.1764705882352941,0.6176470588235294,0.2941176470588235,0.3529411764705882,0.2647058823529412
2271,0.173469387755102,0.0,0.7755102040816326,0.4081632653061224,0.3061224489795918,0.2653061224489796
2290,0.2205882352941176,0.0,0.5294117647058824,0.3235294117647059,0.3235294117647059,0.2647058823529412
2394,0.3673469387755102,0.3061224489795918,0.4081632653061224,0.3061224489795918,0.3673469387755102,0.3265306122448979
2221,0.1896551724137931,0.2758620689655172,0.5,0.2586206896551724,0.5,0.2241379310344827
2276,0.3333333333333333,0.0,0.5925925925925926,0.1481481481481481,0.5185185185185185,0.3333333333333333
2215,0.32,0.0,0.52,0.16,0.44,0.36
2228,0.2307692307692307,0.1025641025641025,0.5128205128205128,0.1025641025641025,0.5384615384615384,0.2564102564102564
2262,0.0,0.0,1.0,0.0,0.5,0.5
2264,0.1739130434782608,0.289855072463768,0.5217391304347826,0.3768115942028985,0.391304347826087,0.1594202898550724
2205,0.1666666666666666,0.3703703703703703,0.4074074074074074,0.1481481481481481,0.3518518518518518,0.2777777777777778
2201,0.293103448275862,0.0,0.6551724137931034,0.2413793103448276,0.3793103448275862,0.3103448275862069
2209,0.2241379310344827,0.1551724137931034,0.6206896551724138,0.3103448275862069,0.3103448275862069,0.2586206896551724
2346,0.2288135593220339,0.3559322033898305,0.559322033898305,0.0677966101694915,0.3898305084745763,0.1694915254237288
2324,0.2954545454545454,0.0,0.8181818181818182,0.2727272727272727,0.3636363636363636,0.3636363636363636
2239,0.282051282051282,0.1794871794871795,0.6153846153846154,0.3333333333333333,0.3076923076923077,0.358974358974359
2363,0.2916666666666667,0.0,0.5416666666666666,0.2916666666666667,0.4583333333333333,0.25
2344,0.2280701754385964,0.5964912280701755,0.2456140350877192,0.3859649122807017,0.1403508771929824,0.2807017543859649
2258,0.25,0.0,0.6785714285714286,0.2142857142857142,0.4285714285714285,0.3571428571428571
2270,0.2352941176470588,0.0,0.7352941176470589,0.3823529411764705,0.3823529411764705,0.2352941176470588
2294,0.35,0.0,0.6,0.4,0.3,0.3
2270,0.3125,0.0,0.8333333333333334,0.375,0.375,0.1666666666666666
2215,0.2878787878787879,0.0909090909090909,0.5454545454545454,0.3636363636363636,0.2727272727272727,0.3636363636363636
2305,0.3039215686274509,0.4117647058823529,0.5098039215686274,0.3333333333333333,0.196078431372549,0.3333333333333333
2210,0.2547169811320754,0.3962264150943396,0.3396226415094339,0.3018867924528302,0.2264150943396226,0.3396226415094339
2287,0.2159090909090909,0.159090909090909,0.5909090909090909,0.2954545454545454,0.3181818181818182,0.25
2229,0.2222222222222222,0.0,0.5925925925925926,0.074074074074074,0.4814814814814814,0.4444444444444444
2282,0.2156862745098039,0.2745098039215686,0.392156862745098,0.2352941176470588,0.3137254901960784,0.3725490196078431
2212,0.25,0.0,0.5,0.3571428571428571,0.2857142857142857,0.3214285714285714
2263,0.1904761904761904,0.0,0.5714285714285714,0.3333333333333333,0.2857142857142857,0.3333333333333333
2339,0.3,0.0285714285714285,0.8571428571428571,0.3142857142857143,0.3714285714285714,0.3142857142857143
2220,0.2,0.0,0.45,0.25,0.35,0.4
2207,0.1956521739130435,0.4347826086956522,0.4202898550724637,0.3768115942028985,0.2608695652173913,0.144927536231884
2204,0.1,0.0,1.0,0.0,0.4666666666666667,0.5333333333333333
2270,0.2265625,0.484375,0.3125,0.125,0.1875,0.3125
2206,0.2941176470588235,0.1176470588235294,0.7352941176470589,0.4411764705882353,0.2941176470588235,0.2058823529411764
2203,0.3684210526315789,0.0,0.631578947368421,0.2631578947368421,0.3157894736842105,0.4210526315789473
2247,0.2790697674418604,0.4186046511627906,0.3953488372093023,0.2790697674418604,0.3953488372093023,0.2325581395348837
2213,0.3,0.48,0.3,0.04,0.32,0.4
2306,0.2441860465116279,0.0465116279069767,0.813953488372093,0.4651162790697674,0.1627906976744186,0.2790697674418604
2266,0.1938775510204081,0.1020408163265306,0.6938775510204082,0.3265306122448979,0.3061224489795918,0.2653061224489796
2232,0.1590909090909091,0.0,0.6818181818181818,0.1363636363636363,0.5909090909090909,0.2727272727272727
2352,0.2837837837837837,0.2432432432432432,0.5135135135135135,0.2972972972972973,0.4594594594594595,0.1891891891891892
2207,0.3125,0.0,0.5416666666666666,0.1666666666666666,0.5416666666666666,0.2916666666666667
2222,0.4428571428571428,0.2285714285714285,0.4857142857142857,0.3714285714285714,0.4285714285714285,0.2
2233,0.1547619047619047,0.0,0.6904761904761905,0.3809523809523809,0.2619047619047619,0.3333333333333333
2367,0.2037037037037037,0.0,0.5555555555555556,0.1851851851851851,0.4444444444444444,0.3703703703703703
2207,0.1707317073170731,0.0,0.6097560975609756,0.2926829268292683,0.2682926829268293,0.2439024390243902
2312,0.2619047619047619,0.0,0.4761904761904761,0.1428571428571428,0.4285714285714285,0.4285714285714285
2264,0.2142857142857142,0.0,1.0,0.0,0.8571428571428571,0.1428571428571428
2270,0.2407407407407407,0.5185185185185186,0.3888888888888889,0.2962962962962963,0.1296296296296296,0.3148148148148148
2241,0.2321428571428571,0.0,0.7857142857142857,0.4642857142857143,0.2857142857142857,0.25
2212,0.1153846153846153,0.0,1.0,0.2307692307692307,0.3076923076923077,0.3846153846153846
2234,0.0952380952380952,0.0,0.2857142857142857,0.1428571428571428,0.3809523809523809,0.4761904761904761
2208,0.3095238095238095,0.0,0.6666666666666666,0.1904761904761904,0.4761904761904761,0.3333333333333333
2255,0.1818181818181818,0.0,0.3636363636363636,0.0909090909090909,0.3181818181818182,0.5454545454545454
2214,0.3108108108108108,0.081081081081081,0.7027027027027027,0.5135135135135135,0.1891891891891892,0.2972972972972973
2232,0.2391304347826087,0.3043478260869565,0.4347826086956521,0.1521739130434782,0.4565217391304347,0.3043478260869565
2251,0.2647058823529412,0.0,0.6470588235294118,0.1470588235294117,0.5,0.2647058823529412
2327,0.1818181818181818,0.0,0.1818181818181818,0.0909090909090909,0.3636363636363636,0.5454545454545454
2272,0.2391304347826087,0.3260869565217391,0.4130434782608695,0.1304347826086956,0.3043478260869565,0.3260869565217391
2361,0.4333333333333333,0.0,0.7333333333333333,0.0666666666666666,0.3333333333333333,0.4666666666666667
2264,0.2115384615384615,0.0,0.5769230769230769,0.1538461538461538,0.4615384615384615,0.3846153846153846
2252,0.3,0.0,0.4666666666666667,0.2,0.3333333333333333,0.4666666666666667
2201,0.2807017543859649,0.5614035087719298,0.3508771929824561,0.3684210526315789,0.175438596491228,0.2456140350877192
2221,0.2727272727272727,0.0,0.2727272727272727,0.1363636363636363,0.4090909090909091,0.4545454545454545
2270,0.26,0.0,0.4,0.2,0.36,0.44
2206,0.1631578947368421,0.6526315789473685,0.2,0.3789473684210526,0.231578947368421,0.1263157894736842
2219,0.15,0.0,0.4333333333333333,0.2,0.3666666666666666,0.2666666666666666
2215,0.1984126984126984,0.4761904761904761,0.365079365079365,0.3968253968253968,0.1269841269841269,0.365079365079365
2252,0.2234042553191489,0.2127659574468084,0.574468085106383,0.2765957446808511,0.2340425531914893,0.3617021276595745
2226,0.1818181818181818,0.0,0.7272727272727273,0.1818181818181818,0.5454545454545454,0.2727272727272727
2353,0.2625,0.2249999999999999,0.55,0.2,0.35,0.325
2232,0.2457627118644068,0.4576271186440678,0.3389830508474576,0.4067796610169492,0.1864406779661017,0.3050847457627119
2239,0.1363636363636363,0.0,0.7272727272727273,0.1212121212121212,0.5151515151515151,0.3636363636363636
2215,0.4038461538461538,0.0384615384615384,0.5384615384615384,0.0384615384615384,0.4230769230769231,0.3846153846153846
2270,0.0,0.0,1.0,0.0,0.0,1.0
2270,0.2291666666666666,0.2708333333333333,0.5625,0.1666666666666666,0.2708333333333333,0.375
2229,0.2093023255813953,0.0,0.6976744186046512,0.2325581395348837,0.2093023255813953,0.3023255813953488
2264,0.2608695652173913,0.3695652173913043,0.3478260869565217,0.2608695652173913,0.217391304347826,0.3260869565217391
2261,0.2714285714285714,0.0285714285714285,0.5714285714285714,0.3142857142857143,0.2857142857142857,0.3714285714285714
2361,0.2236842105263158,0.0,0.5263157894736842,0.2368421052631578,0.4473684210526316,0.2894736842105263
2287,0.1666666666666666,0.0,0.25,0.1666666666666666,0.4166666666666667,0.375
2210,0.2580645161290322,0.0,0.5161290322580645,0.1935483870967742,0.4516129032258064,0.3548387096774194
2248,0.1818181818181818,0.0,0.8409090909090909,0.5,0.2045454545454545,0.2727272727272727
2303,0.1447368421052631,0.0,0.6578947368421053,0.2631578947368421,0.3684210526315789,0.3421052631578947
2293,0.1857142857142857,0.3,0.5714285714285714,0.5571428571428572,0.2142857142857142,0.2
2202,0.1739130434782608,0.0,0.6304347826086957,0.3478260869565217,0.217391304347826,0.2608695652173913
2209,0.3928571428571428,0.0,0.7142857142857143,0.2142857142857142,0.5714285714285714,0.2142857142857142
2311,0.2636363636363636,0.3272727272727272,0.3818181818181818,0.3090909090909091,0.3454545454545454,0.2
2340,0.2142857142857142,0.0,0.6571428571428571,0.3142857142857143,0.3428571428571428,0.3142857142857143
2277,0.1776315789473684,0.631578947368421,0.2368421052631578,0.2631578947368421,0.2236842105263158,0.2105263157894736
2239,0.2745098039215686,0.4117647058823529,0.4313725490196078,0.3529411764705882,0.2352941176470588,0.3137254901960784
2243,0.1333333333333333,0.0,0.3333333333333333,0.2,0.2666666666666666,0.5333333333333333
2246,0.2428571428571428,0.0,0.8285714285714286,0.3142857142857143,0.2285714285714285,0.3714285714285714
2201,0.35,0.2666666666666667,0.5,0.4,0.4,0.2
2277,0.265625,0.0,0.71875,0.28125,0.4375,0.28125
2210,0.2307692307692307,0.0,0.1538461538461538,0.1538461538461538,0.1538461538461538,0.6923076923076923
2234,0.3026315789473684,0.131578947368421,0.2894736842105263,0.1842105263157894,0.4210526315789473,0.3157894736842105
2200,0.3461538461538461,0.0,0.3846153846153846,0.0769230769230769,0.4615384615384615,0.4615384615384615
2253,0.2340425531914893,0.2553191489361702,0.6595744680851063,0.3617021276595745,0.2340425531914893,0.2765957446808511
2283,0.4516129032258064,0.1290322580645161,0.6451612903225806,0.2903225806451613,0.4193548387096774,0.2580645161290322
2257,0.0,0.0,1.0,0.0,0.0,1.0
2263,0.2241379310344827,0.0,0.6551724137931034,0.2758620689655172,0.2758620689655172,0.4137931034482758
2282,0.1571428571428571,0.0428571428571428,0.8428571428571429,0.3571428571428571,0.3428571428571428,0.2142857142857142
2218,0.293103448275862,0.0,0.7931034482758621,0.1724137931034483,0.3448275862068966,0.2758620689655172
2352,0.28,0.0,0.84,0.24,0.4,0.32
2287,0.325,0.2249999999999999,0.675,0.2,0.35,0.425
2255,0.25,0.0,0.5555555555555556,0.1111111111111111,0.5,0.3888888888888889
2252,0.2395833333333333,0.2291666666666666,0.6041666666666666,0.4166666666666667,0.2916666666666667,0.1458333333333333
2392,0.1818181818181818,0.0,0.3939393939393939,0.2424242424242424,0.3333333333333333,0.3939393939393939
2268,0.2244897959183673,0.2448979591836735,0.6326530612244898,0.3469387755102041,0.2857142857142857,0.3265306122448979
2269,0.2857142857142857,0.0285714285714285,0.7142857142857143,0.2857142857142857,0.3142857142857143,0.3714285714285714
2249,0.375,0.3611111111111111,0.4722222222222222,0.2222222222222222,0.3888888888888889,0.1666666666666666
2264,0.3571428571428571,0.0,0.7142857142857143,0.2857142857142857,0.3333333333333333,0.2857142857142857
2264,0.3823529411764705,0.2058823529411765,0.4117647058823529,0.2058823529411764,0.4117647058823529,0.3823529411764705
2364,0.0625,0.0,1.0,0.0625,0.5,0.4375
2334,0.6590909090909091,0.2272727272727273,0.5454545454545454,0.1818181818181818,0.5454545454545454,0.2727272727272727
2272,0.2142857142857142,0.0,0.238095238095238,0.3333333333333333,0.3809523809523809,0.2857142857142857
2243,0.1923076923076923,0.1153846153846154,0.5192307692307693,0.3269230769230769,0.3461538461538461,0.2307692307692307
2305,0.3548387096774194,0.0645161290322581,0.2903225806451613,0.3225806451612903,0.2903225806451613,0.3870967741935484
2208,0.1764705882352941,0.0,0.5294117647058824,0.1764705882352941,0.4117647058823529,0.4117647058823529
2212,0.55,0.15,0.55,0.1,0.65,0.25
2303,0.2352941176470588,0.0,0.5882352941176471,0.2941176470588235,0.4117647058823529,0.2941176470588235
2210,0.3205128205128205,0.1282051282051282,0.4358974358974359,0.3333333333333333,0.3076923076923077,0.358974358974359
2305,0.2962962962962963,0.0,0.6666666666666666,0.2592592592592592,0.3333333333333333,0.3703703703703703
2364,0.4090909090909091,0.0,0.5,0.0909090909090909,0.3636363636363636,0.5
2309,0.3928571428571428,0.0,0.6428571428571429,0.1428571428571428,0.5,0.3571428571428571
2236,0.3571428571428571,0.0,0.5238095238095238,0.0952380952380952,0.4761904761904761,0.3809523809523809
2306,0.2325581395348837,0.0930232558139535,0.7441860465116279,0.2558139534883721,0.2558139534883721,0.3255813953488372
2208,0.25,0.0,0.6538461538461539,0.1153846153846153,0.5384615384615384,0.2692307692307692
2335,0.1666666666666666,0.0,0.4583333333333333,0.25,0.2916666666666667,0.4583333333333333
2220,0.25,0.0,0.2857142857142857,0.0714285714285714,0.5,0.4285714285714285
2264,0.265625,0.0,0.65625,0.25,0.34375,0.40625
2224,0.2857142857142857,0.0,0.5,0.0714285714285714,0.3571428571428571,0.5714285714285714
2241,0.2875,0.1999999999999999,0.575,0.25,0.275,0.325
2245,0.2727272727272727,0.0,0.5,0.1818181818181818,0.4090909090909091,0.4090909090909091
2231,0.3108108108108108,0.1621621621621621,0.6486486486486487,0.2702702702702703,0.3513513513513513,0.2432432432432432
2207,0.3428571428571428,0.1142857142857143,0.7428571428571429,0.3428571428571428,0.3714285714285714,0.2285714285714285
2296,0.5,0.0,0.6190476190476191,0.3333333333333333,0.3809523809523809,0.2857142857142857
2264,0.4347826086956521,0.0869565217391304,0.4782608695652174,0.391304347826087,0.2608695652173913,0.2608695652173913
2263,0.396551724137931,0.1379310344827586,0.5172413793103449,0.3793103448275862,0.4137931034482758,0.2068965517241379
2210,0.1764705882352941,0.0,0.1764705882352941,0.1764705882352941,0.4117647058823529,0.4117647058823529
2218,0.25,0.0,0.7058823529411765,0.3823529411764705,0.2647058823529412,0.3235294117647059
2269,0.2948717948717949,0.1282051282051282,0.6153846153846154,0.4102564102564102,0.3076923076923077,0.2564102564102564
2213,0.25,0.0,0.5,0.35,0.3,0.35
2251,0.1742424242424242,0.409090909090909,0.4090909090909091,0.2424242424242424,0.2727272727272727,0.2424242424242424
2203,0.2,0.0,0.4,0.36,0.28,0.36
2243,0.2857142857142857,0.0,0.6190476190476191,0.238095238095238,0.4761904761904761,0.2857142857142857
2259,0.2307692307692307,0.0,0.6923076923076923,0.2692307692307692,0.4230769230769231,0.2307692307692307
2250,0.3076923076923077,0.0,0.6538461538461539,0.2692307692307692,0.3461538461538461,0.3846153846153846
2334,0.38,0.0,0.68,0.24,0.48,0.28
2206,0.325,0.0,0.55,0.05,0.45,0.45
2271,0.2454545454545454,0.4545454545454546,0.3272727272727272,0.109090909090909,0.3272727272727272,0.2545454545454545
2252,0.40625,0.0,0.8125,0.1875,0.5,0.3125
2327,0.2,0.0,1.0,0.0,0.2,0.8
2255,0.2096774193548387,0.0,0.5806451612903226,0.1935483870967742,0.4193548387096774,0.2580645161290322
2230,0.35,0.0333333333333333,0.7,0.1666666666666666,0.4666666666666667,0.3
2272,0.1818181818181818,0.0,0.3636363636363636,0.0454545454545454,0.5909090909090909,0.3181818181818182
2358,0.2115384615384615,0.4615384615384615,0.3653846153846153,0.4423076923076923,0.1346153846153846,0.2884615384615384
2305,0.2,0.0,0.6,0.0,0.4,0.6
2217,0.2647058823529412,0.0,0.5294117647058824,0.2941176470588235,0.4117647058823529,0.1764705882352941
2207,0.25,0.0,0.53125,0.21875,0.4375,0.3125
2222,0.3333333333333333,0.0,0.4583333333333333,0.25,0.4583333333333333,0.25
2349,0.3571428571428571,0.0714285714285714,0.7142857142857143,0.1785714285714285,0.3571428571428571,0.4642857142857143
2266,0.3,0.0,0.68,0.48,0.36,0.16
2209,0.2826086956521739,0.0,0.5652173913043478,0.217391304347826,0.4347826086956521,0.3478260869565217
2264,0.3375,0.275,0.55,0.4,0.275,0.325
2233,0.2261904761904762,0.0476190476190476,0.6666666666666666,0.1666666666666666,0.4047619047619047,0.3809523809523809
2255,0.3181818181818182,0.0,0.3636363636363636,0.2727272727272727,0.3636363636363636,0.3636363636363636
2267,0.3392857142857143,0.0,0.3571428571428571,0.2142857142857142,0.4285714285714285,0.3571428571428571
2343,0.1136363636363636,0.0,0.1363636363636363,0.0454545454545454,0.3636363636363636,0.5909090909090909
2244,0.3333333333333333,0.0,0.5333333333333333,0.1333333333333333,0.3333333333333333,0.5333333333333333
2351,0.1419753086419753,0.2469135802469135,0.5308641975308642,0.2962962962962963,0.2592592592592592,0.3086419753086419
2264,0.296875,0.03125,0.4375,0.25,0.4375,0.25
2204,0.1,0.0,1.0,0.0,0.4666666666666667,0.5333333333333333
2320,0.284313725490196,0.4509803921568627,0.4509803921568627,0.1372549019607843,0.2941176470588235,0.3333333333333333
2203,0.2708333333333333,0.0,0.5833333333333334,0.375,0.375,0.25
2244,0.1875,0.0,0.1875,0.0,0.4375,0.5625
2264,0.4666666666666667,0.0,0.8,0.2,0.3333333333333333,0.4
2280,0.2553191489361702,0.2553191489361702,0.5319148936170213,0.2553191489361702,0.2340425531914893,0.3829787234042553
2281,0.4090909090909091,0.0,0.3636363636363636,0.1818181818181818,0.2727272727272727,0.4545454545454545
2225,0.2410714285714285,0.3571428571428571,0.4464285714285714,0.4464285714285714,0.2321428571428571,0.1785714285714285
2212,0.15625,0.0,0.4375,0.125,0.5,0.34375
2314,0.0,0.0,1.0,0.0,0.0,1.0
2303,0.1951219512195122,0.0,0.6341463414634146,0.2195121951219512,0.4878048780487805,0.2926829268292683
2215,0.2424242424242424,0.0,0.5151515151515151,0.2424242424242424,0.4242424242424242,0.303030303030303
2259,0.1590909090909091,0.0,0.2727272727272727,0.3636363636363636,0.2727272727272727,0.3181818181818182
2263,0.3163265306122449,0.3061224489795918,0.5102040816326531,0.1632653061224489,0.2653061224489796,0.2448979591836734
2200,0.4090909090909091,0.0,0.7272727272727273,0.4090909090909091,0.4090909090909091,0.1818181818181818
2264,0.3684210526315789,0.0,0.5263157894736842,0.1578947368421052,0.5263157894736842,0.3157894736842105
2331,0.25,0.0,0.75,0.05,0.4,0.4
2254,0.2244897959183673,0.3061224489795918,0.4285714285714285,0.4081632653061224,0.2653061224489796,0.1836734693877551
2312,0.1907894736842105,0.6052631578947368,0.2631578947368421,0.4342105263157895,0.1578947368421052,0.1578947368421052
2225,0.2111111111111111,0.0444444444444444,0.7555555555555555,0.4666666666666667,0.2444444444444444,0.2666666666666666
2285,0.3166666666666666,0.0333333333333333,0.4333333333333333,0.3,0.3666666666666666,0.2666666666666666
2255,0.3478260869565217,0.0,0.6956521739130435,0.0434782608695652,0.4782608695652174,0.4782608695652174
2266,0.2363636363636363,0.4363636363636364,0.4181818181818181,0.2727272727272727,0.1818181818181818,0.4
2234,0.2258064516129032,0.0,0.6129032258064516,0.3548387096774194,0.1935483870967742,0.4193548387096774
2294,0.3888888888888889,0.0,0.3888888888888889,0.3333333333333333,0.3333333333333333,0.3333333333333333
2277,0.5,0.0,0.6470588235294118,0.4117647058823529,0.2352941176470588,0.3529411764705882
2313,0.3421052631578947,0.0,0.5263157894736842,0.1578947368421052,0.4210526315789473,0.4210526315789473
2344,0.0714285714285714,0.0,1.0,0.1428571428571428,0.2857142857142857,0.5714285714285714
2270,0.1521739130434782,0.0,0.6956521739130435,0.1304347826086956,0.391304347826087,0.4347826086956521
2271,0.3333333333333333,0.0,0.7083333333333334,0.3333333333333333,0.3333333333333333,0.3333333333333333
2312,0.0,0.0,1.0,0.0,0.0,1.0
2321,0.2115384615384615,0.0,0.6153846153846154,0.3461538461538461,0.3461538461538461,0.3076923076923077
2200,0.2575757575757575,0.0,0.7272727272727273,0.2727272727272727,0.3939393939393939,0.303030303030303
2273,0.1428571428571428,0.0,0.2142857142857142,0.1428571428571428,0.5,0.3571428571428571
2264,0.2758620689655172,0.0,0.4827586206896552,0.3448275862068966,0.3793103448275862,0.2758620689655172
2232,0.2916666666666667,0.0833333333333333,0.6111111111111112,0.3333333333333333,0.4166666666666667,0.2222222222222222
2264,0.23,0.0999999999999999,0.64,0.26,0.36,0.36
2264,0.293103448275862,0.0,0.5172413793103449,0.3103448275862069,0.5862068965517241,0.1034482758620689
2340,0.1911764705882352,0.0,0.3235294117647059,0.1176470588235294,0.5588235294117647,0.3235294117647059
2337,0.2444444444444444,0.2888888888888888,0.6,0.2888888888888888,0.2888888888888888,0.3111111111111111
2305,0.1818181818181818,0.0,0.0909090909090909,0.1818181818181818,0.3636363636363636,0.4545454545454545
2326,0.4107142857142857,0.0714285714285714,0.5357142857142857,0.3571428571428571,0.3214285714285714,0.3214285714285714
2340,0.0,0.0,1.0,0.0,0.0,1.0
2240,0.1875,0.0,0.4375,0.125,0.375,0.5
2208,0.1964285714285714,0.2142857142857143,0.5357142857142857,0.25,0.2321428571428571,0.375
2295,0.217391304347826,0.1739130434782608,0.6521739130434783,0.4347826086956521,0.217391304347826,0.3043478260869565
2229,0.25,0.0,0.65625,0.28125,0.4375,0.28125
2294,0.3125,0.0,0.6875,0.125,0.5,0.375
2273,0.2589285714285714,0.4642857142857143,0.3214285714285714,0.3392857142857143,0.2321428571428571,0.2857142857142857
2228,0.2222222222222222,0.0,0.5185185185185185,0.1481481481481481,0.2592592592592592,0.5555555555555556
2239,0.3793103448275862,0.4137931034482759,0.3793103448275862,0.1379310344827586,0.3448275862068966,0.3448275862068966
2270,0.282051282051282,0.2564102564102564,0.3846153846153846,0.3076923076923077,0.2051282051282051,0.3846153846153846
2315,0.2884615384615384,0.0,0.6923076923076923,0.1923076923076923,0.3846153846153846,0.3846153846153846
2225,0.1551724137931034,0.4482758620689655,0.4597701149425287,0.4367816091954023,0.2758620689655172,0.1379310344827586
2210,0.375,0.0,0.4166666666666667,0.1666666666666666,0.5,0.3333333333333333
2200,0.2241379310344827,0.0,0.6896551724137931,0.1379310344827586,0.4482758620689655,0.3793103448275862
2209,0.2291666666666666,0.0,0.6458333333333334,0.4375,0.2083333333333333,0.2708333333333333
2271,0.2878787878787879,0.0909090909090909,0.5454545454545454,0.3939393939393939,0.3333333333333333,0.2424242424242424
2214,0.3095238095238095,0.0,0.5714285714285714,0.238095238095238,0.3333333333333333,0.4285714285714285
2294,0.3292682926829268,0.1707317073170732,0.6341463414634146,0.3902439024390244,0.3170731707317073,0.2439024390243902
2243,0.1964285714285714,0.0,0.6785714285714286,0.4285714285714285,0.3214285714285714,0.25
2353,0.16,0.0,0.68,0.28,0.4,0.32
2260,0.4565217391304347,0.0869565217391304,0.7391304347826086,0.3478260869565217,0.2608695652173913,0.2608695652173913
2246,0.2619047619047619,0.0,0.238095238095238,0.2857142857142857,0.3333333333333333,0.3809523809523809
2328,0.2045454545454545,0.0,0.1818181818181818,0.0909090909090909,0.4545454545454545,0.4545454545454545
2230,0.2444444444444444,0.1777777777777778,0.5333333333333333,0.4444444444444444,0.2444444444444444,0.2666666666666666
2219,0.1521739130434782,0.0,0.6086956521739131,0.1304347826086956,0.4347826086956521,0.4347826086956521
2285,0.2045454545454545,0.0,0.4545454545454545,0.0454545454545454,0.5,0.4545454545454545
2289,0.275,0.2249999999999999,0.6,0.425,0.3,0.175
2326,0.2142857142857142,0.2380952380952381,0.6190476190476191,0.2142857142857142,0.4285714285714285,0.2857142857142857
2294,0.25,0.0,0.8571428571428571,0.2857142857142857,0.2857142857142857,0.3928571428571428
2214,0.170886075949367,0.3291139240506329,0.4936708860759494,0.0759493670886076,0.2531645569620253,0.2278481012658227
2320,0.2857142857142857,0.0,0.4285714285714285,0.1904761904761904,0.4285714285714285,0.3333333333333333
2277,0.1923076923076923,0.0,0.1538461538461538,0.1538461538461538,0.3846153846153846,0.4615384615384615
2228,0.2205882352941176,0.0,0.9117647058823528,0.2352941176470588,0.2941176470588235,0.3529411764705882
2264,0.2307692307692307,0.0,0.4615384615384615,0.2307692307692307,0.4230769230769231,0.3461538461538461
2247,0.3095238095238095,0.0,0.7619047619047619,0.238095238095238,0.3809523809523809,0.3809523809523809
2350,0.25,0.0,0.5,0.1666666666666666,0.5833333333333334,0.25
2243,0.2,0.0,0.75,0.15,0.55,0.3
2200,0.1818181818181818,0.0,0.5,0.0454545454545454,0.5454545454545454,0.4090909090909091
2305,0.0769230769230769,0.0,1.0,0.1538461538461538,0.3076923076923077,0.5384615384615384
2231,0.2,0.0,0.7111111111111111,0.2222222222222222,0.3333333333333333,0.2
2213,0.2906976744186046,0.1395348837209302,0.5116279069767442,0.3255813953488372,0.4651162790697674,0.2093023255813953
2243,0.3269230769230769,0.0,0.7307692307692307,0.2692307692307692,0.2692307692307692,0.4230769230769231
2393,0.125,0.75,0.1296296296296296,0.4722222222222222,0.2222222222222222,0.1018518518518518
2261,0.2432432432432432,0.0,0.6486486486486487,0.1891891891891892,0.5945945945945946,0.1891891891891892
2314,0.0,0.0,1.0,0.0,0.0,1.0
2206,0.4324324324324324,0.3513513513513513,0.3513513513513513,0.4054054054054054,0.4054054054054054,0.1891891891891892
2296,0.3863636363636363,0.0,0.6363636363636364,0.4545454545454545,0.2727272727272727,0.2272727272727272
2219,0.3214285714285714,0.0,0.6428571428571429,0.25,0.25,0.4642857142857143
2330,0.3548387096774194,0.0645161290322581,0.5161290322580645,0.2580645161290322,0.4516129032258064,0.2903225806451613
2209,0.2666666666666666,0.0,0.4,0.0666666666666666,0.4666666666666667,0.4666666666666667
2291,0.3815789473684211,0.4210526315789473,0.3947368421052631,0.3421052631578947,0.2105263157894736,0.4473684210526316
2298,0.3,0.0,0.7666666666666667,0.2333333333333333,0.4666666666666667,0.3
2255,0.3970588235294117,0.1176470588235294,0.5588235294117647,0.2647058823529412,0.4411764705882353,0.2647058823529412
2210,0.2205882352941176,0.0,0.6176470588235294,0.4117647058823529,0.2058823529411764,0.3235294117647059
2223,0.2702702702702703,0.1621621621621621,0.5135135135135135,0.2702702702702703,0.3243243243243243,0.3513513513513513
2264,0.2142857142857142,0.0,0.3809523809523809,0.0952380952380952,0.4285714285714285,0.4761904761904761
2216,0.2317073170731707,0.073170731707317,0.7073170731707317,0.2926829268292683,0.4390243902439024,0.2195121951219512
2263,0.175,0.0,0.75,0.175,0.35,0.45
2208,0.32,0.0,0.72,0.4,0.32,0.28
2305,0.28125,0.0,0.4375,0.125,0.3125,0.5625
2228,0.2777777777777778,0.4074074074074074,0.3148148148148148,0.2592592592592592,0.2962962962962963,0.2962962962962963
2210,0.28125,0.0,0.5,0.375,0.4375,0.1875
2218,0.3035714285714285,0.0,0.6071428571428571,0.3928571428571428,0.3214285714285714,0.2857142857142857
2259,0.3666666666666666,0.0,0.6666666666666666,0.1333333333333333,0.4666666666666667,0.4
2236,0.2804878048780488,0.2926829268292683,0.5365853658536586,0.3658536585365853,0.2195121951219512,0.3170731707317073
2215,0.4615384615384615,0.1923076923076923,0.5769230769230769,0.3076923076923077,0.4615384615384615,0.2307692307692307
2347,0.3076923076923077,0.0,0.1538461538461538,0.3846153846153846,0.3076923076923077,0.3076923076923077
2211,0.1666666666666666,0.0,0.7142857142857143,0.3809523809523809,0.2619047619047619,0.2619047619047619
2231,0.2435897435897435,0.1282051282051282,0.3333333333333333,0.2307692307692307,0.4102564102564102,0.3333333333333333
2344,0.24,0.0,0.64,0.16,0.44,0.24
2222,0.2777777777777778,0.0,0.2222222222222222,0.1666666666666666,0.4444444444444444,0.3888888888888889
2223,0.1666666666666666,0.0,0.2,0.1333333333333333,0.4,0.4666666666666667
2314,0.2678571428571428,0.0,0.8214285714285714,0.1785714285714285,0.3214285714285714,0.3928571428571428
2270,0.4285714285714285,0.0,0.6428571428571429,0.0714285714285714,0.5714285714285714,0.3571428571428571
2235,0.3125,0.03125,0.84375,0.21875,0.25,0.4375
2294,0.3125,0.0,0.6875,0.125,0.5,0.375
2300,0.2608695652173913,0.0,0.4782608695652174,0.217391304347826,0.3043478260869565,0.4347826086956521
2212,0.15625,0.0,0.4375,0.125,0.5,0.34375
2214,0.1454545454545454,0.0,0.6727272727272727,0.3454545454545454,0.2181818181818181,0.1818181818181818
2244,0.1607142857142857,0.0,0.7857142857142857,0.1428571428571428,0.4285714285714285,0.4285714285714285
2270,0.3095238095238095,0.0,0.6190476190476191,0.1904761904761904,0.4285714285714285,0.3809523809523809
2204,0.2105263157894736,0.5087719298245614,0.3157894736842105,0.175438596491228,0.3508771929824561,0.2105263157894736
2338,0.2395833333333333,0.3333333333333333,0.3333333333333333,0.25,0.3333333333333333,0.3958333333333333
2203,0.2105263157894736,0.0,0.631578947368421,0.2894736842105263,0.4473684210526316,0.2631578947368421
2203,0.1428571428571428,0.0,1.0,0.0,0.1428571428571428,0.8571428571428571
2235,0.453125,0.28125,0.46875,0.5625,0.25,0.1875
2201,0.2076923076923077,0.4923076923076923,0.3692307692307692,0.2,0.2307692307692307,0.2461538461538461
2374,0.2205882352941176,0.3529411764705882,0.3970588235294117,0.4264705882352941,0.2205882352941176,0.1911764705882352
2233,0.2241379310344827,0.0,0.6896551724137931,0.2068965517241379,0.3103448275862069,0.3793103448275862
2264,0.293103448275862,0.0,0.6206896551724138,0.2068965517241379,0.2413793103448276,0.5172413793103449
2207,0.2708333333333333,0.0,0.6666666666666666,0.2083333333333333,0.5,0.2916666666666667
2253,0.175,0.0,0.4,0.2,0.55,0.25
2238,0.2352941176470588,0.0,0.8529411764705882,0.1764705882352941,0.4705882352941176,0.2352941176470588
2264,0.3333333333333333,0.0,0.3333333333333333,0.2777777777777778,0.3888888888888889,0.3333333333333333
2200,0.2702702702702703,0.1351351351351351,0.6486486486486487,0.2702702702702703,0.4324324324324324,0.2432432432432432
2286,0.2,0.0,0.8,0.25,0.225,0.4
2270,0.4545454545454545,0.0,0.5909090909090909,0.1818181818181818,0.5,0.3181818181818182
2207,0.2586206896551724,0.0,0.6206896551724138,0.2758620689655172,0.4827586206896552,0.2413793103448276
2240,0.2702702702702703,0.1621621621621621,0.6216216216216216,0.3243243243243243,0.3783783783783784,0.2702702702702703
2202,0.3076923076923077,0.0,0.7692307692307693,0.3076923076923077,0.3076923076923077,0.3461538461538461
2264,0.25,0.0,0.4545454545454545,0.1818181818181818,0.4090909090909091,0.3636363636363636
2294,0.5,0.0,0.2,0.4,0.4,0.2
2312,0.375,0.0,1.0,0.0,0.5,0.5
2270,0.25,0.0,0.7142857142857143,0.2142857142857142,0.2857142857142857,0.4642857142857143
2212,0.1929824561403508,0.2280701754385965,0.3684210526315789,0.3333333333333333,0.2631578947368421,0.2807017543859649
2203,0.3548387096774194,0.2580645161290322,0.3870967741935484,0.2580645161290322,0.4516129032258064,0.2580645161290322
2246,0.2962962962962963,0.0,0.6296296296296297,0.2592592592592592,0.4444444444444444,0.2962962962962963
2211,0.4193548387096774,0.3225806451612903,0.4838709677419355,0.1935483870967742,0.3225806451612903,0.3870967741935484
2249,0.2647058823529412,0.0,0.3529411764705882,0.0588235294117647,0.2352941176470588,0.5294117647058824
2229,0.26,0.0,0.4,0.16,0.4,0.44
2240,0.1805555555555555,0.0,0.8888888888888888,0.1944444444444444,0.3055555555555556,0.3055555555555556
2247,0.2424242424242424,0.0,0.7575757575757576,0.4242424242424242,0.2424242424242424,0.303030303030303
2204,0.1774193548387097,0.0,0.7419354838709677,0.4193548387096774,0.2580645161290322,0.3225806451612903
2211,0.2,0.0,0.4571428571428571,0.2,0.2857142857142857,0.5142857142857142
2367,0.4090909090909091,0.0,0.5454545454545454,0.2727272727272727,0.3181818181818182,0.4090909090909091
2250,0.1440677966101695,0.0,0.7966101694915254,0.3050847457627119,0.288135593220339,0.1694915254237288
2266,0.396551724137931,0.2068965517241379,0.4827586206896552,0.3103448275862069,0.3448275862068966,0.3103448275862069
2241,0.2386363636363636,0.3409090909090909,0.5454545454545454,0.2272727272727272,0.3636363636363636,0.2954545454545454
2203,0.2674418604651162,0.1627906976744185,0.4418604651162791,0.3953488372093023,0.3023255813953488,0.2325581395348837
2287,0.2456140350877192,0.4561403508771929,0.3508771929824561,0.4035087719298245,0.2280701754385964,0.2456140350877192
2221,0.3,0.1428571428571429,0.4857142857142857,0.2857142857142857,0.3428571428571428,0.3714285714285714
2224,0.4,0.1999999999999999,0.6333333333333333,0.2,0.6,0.2
2200,0.3275862068965517,0.0344827586206896,0.7586206896551724,0.3448275862068966,0.3448275862068966,0.3103448275862069
2222,0.625,0.0,0.25,0.25,0.25,0.5
2219,0.1521739130434782,0.0,0.6086956521739131,0.1304347826086956,0.4347826086956521,0.4347826086956521
2264,0.3970588235294117,0.4411764705882353,0.3823529411764705,0.2058823529411764,0.3235294117647059,0.4411764705882353
2266,0.2459016393442623,0.2459016393442623,0.2295081967213114,0.2950819672131147,0.4426229508196721,0.2131147540983606
2247,0.5652173913043478,0.1304347826086956,0.5217391304347826,0.1739130434782608,0.6956521739130435,0.1304347826086956
2317,0.25,0.0,0.9411764705882352,0.2058823529411764,0.4411764705882353,0.3235294117647059
2305,0.2878787878787879,0.1212121212121212,0.5757575757575758,0.4242424242424242,0.2424242424242424,0.303030303030303
2278,0.2272727272727272,0.0,0.6666666666666666,0.3636363636363636,0.303030303030303,0.3333333333333333
2215,0.25,0.2608695652173913,0.4347826086956521,0.3260869565217391,0.2826086956521739,0.2608695652173913
2212,0.1363636363636363,0.0,0.1818181818181818,0.0454545454545454,0.4090909090909091,0.5454545454545454
2220,0.2857142857142857,0.0,0.7619047619047619,0.238095238095238,0.4761904761904761,0.2857142857142857
2230,0.0,0.0,1.0,0.0,0.0,1.0
2348,0.375,0.4,0.3,0.3,0.375,0.325
2255,0.2340425531914893,0.0638297872340425,0.6595744680851063,0.2978723404255319,0.3617021276595745,0.2127659574468085
2324,0.2857142857142857,0.0,0.75,0.1785714285714285,0.3214285714285714,0.3214285714285714
2323,0.1904761904761904,0.0,0.5238095238095238,0.3333333333333333,0.4285714285714285,0.238095238095238
2228,0.1444444444444444,0.6333333333333333,0.2111111111111111,0.3666666666666666,0.1555555555555555,0.1888888888888888
2237,0.3229166666666667,0.4791666666666666,0.4375,0.0625,0.3125,0.4166666666666667
2331,0.1153846153846153,0.0,0.3076923076923077,0.1538461538461538,0.4615384615384615,0.3846153846153846
2267,0.2571428571428571,0.0857142857142857,0.7428571428571429,0.4285714285714285,0.3428571428571428,0.2285714285714285
2212,0.2368421052631578,0.0,0.4210526315789473,0.2631578947368421,0.4210526315789473,0.3157894736842105
2360,0.1948051948051948,0.4025974025974026,0.4805194805194805,0.4025974025974026,0.1558441558441558,0.2077922077922078
2373,0.2,0.0,0.64,0.16,0.48,0.32
2326,0.2708333333333333,0.0,0.6666666666666666,0.2083333333333333,0.3333333333333333,0.4583333333333333
2227,0.25,0.0,0.4230769230769231,0.0769230769230769,0.5384615384615384,0.3461538461538461
2256,0.2,0.0,0.1,0.1,0.3,0.6
2294,0.4,0.0,0.65,0.2,0.45,0.35
2363,0.1296296296296296,0.2469135802469135,0.5308641975308642,0.4567901234567901,0.2839506172839506,0.1728395061728395
2222,0.2894736842105263,0.0,0.5789473684210527,0.3157894736842105,0.3157894736842105,0.2631578947368421
2336,0.3,0.0,0.75,0.25,0.5,0.15
2239,0.25,0.0,0.5769230769230769,0.1153846153846153,0.3846153846153846,0.3461538461538461
2237,0.25,0.0476190476190476,0.7142857142857143,0.3333333333333333,0.238095238095238,0.3809523809523809
2297,0.3684210526315789,0.0,0.5263157894736842,0.2105263157894736,0.5789473684210527,0.2105263157894736
2234,0.1940298507462686,0.4626865671641791,0.3283582089552239,0.2985074626865671,0.1492537313432835,0.3432835820895522
2223,0.2357142857142857,0.5714285714285714,0.2142857142857142,0.2428571428571428,0.3714285714285714,0.3285714285714285
2294,0.293103448275862,0.0,0.4482758620689655,0.3103448275862069,0.3793103448275862,0.3103448275862069
2334,0.6590909090909091,0.2272727272727273,0.5454545454545454,0.1818181818181818,0.5454545454545454,0.2727272727272727
2296,0.4285714285714285,0.0,0.4761904761904761,0.3333333333333333,0.3333333333333333,0.3333333333333333
2235,0.3,0.1428571428571429,0.7142857142857143,0.3142857142857143,0.3142857142857143,0.2285714285714285
2222,0.2307692307692307,0.0,0.6153846153846154,0.1538461538461538,0.3076923076923077,0.5384615384615384
2222,0.2631578947368421,0.1842105263157895,0.5789473684210527,0.5526315789473685,0.2894736842105263,0.1052631578947368
2207,0.2368421052631578,0.368421052631579,0.3684210526315789,0.2982456140350877,0.4035087719298245,0.2631578947368421
2235,0.234375,0.0,0.75,0.21875,0.34375,0.3125
2294,0.293103448275862,0.0,0.4482758620689655,0.3103448275862069,0.3793103448275862,0.3103448275862069
2230,0.25,0.0,0.7777777777777778,0.1111111111111111,0.3888888888888889,0.3888888888888889
2238,0.4259259259259259,0.074074074074074,0.6296296296296297,0.3333333333333333,0.4074074074074074,0.2592592592592592
2305,0.25,0.3518518518518518,0.4074074074074074,0.1851851851851851,0.3888888888888889,0.2777777777777778
2290,0.25,0.0526315789473684,0.6578947368421053,0.3157894736842105,0.2368421052631578,0.3947368421052631
