Player,Captures,Endgame,Middlegame,Major Pieces,Minor Pieces,Pawn
2401,0.2083333333333333,0.0,0.0833333333333333,0.1666666666666666,0.3333333333333333,0.5
2451,0.2421875,0.5,0.3125,0.125,0.265625,0.25
2447,0.2763157894736842,0.2631578947368421,0.4473684210526316,0.2105263157894736,0.3947368421052631,0.3947368421052631
2526,0.2321428571428571,0.0,0.8214285714285714,0.25,0.3928571428571428,0.3571428571428571
2549,0.5714285714285714,0.0,0.5714285714285714,0.4285714285714285,0.0,0.5714285714285714
2403,0.0,0.0,1.0,0.0,0.0,1.0
2416,0.2592592592592592,0.0,0.6666666666666666,0.2962962962962963,0.4074074074074074,0.2962962962962963
2401,0.6,0.4,0.4333333333333333,0.4,0.4333333333333333,0.1666666666666666
2422,0.25,0.0,0.8181818181818182,0.2727272727272727,0.3181818181818182,0.3181818181818182
2481,0.0,0.0,1.0,0.0,0.75,0.25
2409,0.2878787878787879,0.0606060606060605,0.6060606060606061,0.2727272727272727,0.303030303030303,0.4242424242424242
2430,0.0,0.0,1.0,0.0,0.0,1.0
2424,0.1875,0.0,0.71875,0.21875,0.375,0.3125
2403,0.0,0.0,1.0,0.0,0.0,1.0
2449,0.4117647058823529,0.0,0.5294117647058824,0.1764705882352941,0.5294117647058824,0.2941176470588235
2462,0.3125,0.0,0.7083333333333334,0.375,0.3333333333333333,0.25
2571,0.25,0.217391304347826,0.5869565217391305,0.3043478260869565,0.3043478260869565,0.3043478260869565
2400,0.3055555555555556,0.0,0.6111111111111112,0.2777777777777778,0.3888888888888889,0.3333333333333333
2406,0.35,0.0333333333333333,0.5333333333333333,0.2333333333333333,0.3333333333333333,0.3333333333333333
2499,0.5333333333333333,0.0,0.5333333333333333,0.0666666666666666,0.6666666666666666,0.2666666666666666
2413,0.108695652173913,0.0,0.5652173913043478,0.217391304347826,0.4347826086956521,0.3478260869565217
2447,0.21875,0.0,0.875,0.3125,0.375,0.25
2406,0.3421052631578947,0.0,0.7894736842105263,0.1578947368421052,0.5263157894736842,0.3157894736842105
2447,0.15,0.0,0.775,0.375,0.325,0.275
2401,0.1785714285714285,0.0,0.1428571428571428,0.2142857142857142,0.2857142857142857,0.5
2524,0.4821428571428571,0.25,0.6071428571428571,0.3928571428571428,0.3214285714285714,0.2857142857142857
2477,0.1333333333333333,0.0,0.6,0.3,0.2333333333333333,0.4333333333333333
2588,0.1967213114754098,0.1475409836065574,0.5901639344262295,0.1639344262295081,0.4098360655737705,0.2622950819672131
2457,0.2083333333333333,0.0,0.1666666666666666,0.1666666666666666,0.5,0.3333333333333333
2422,0.2894736842105263,0.0,0.7368421052631579,0.3684210526315789,0.3684210526315789,0.2631578947368421
2469,0.2291666666666666,0.125,0.5833333333333334,0.4583333333333333,0.3125,0.1875
2403,0.1888888888888888,0.0,0.7777777777777778,0.4888888888888889,0.2222222222222222,0.2444444444444444
2501,0.26,0.0,0.72,0.2,0.36,0.44
2447,0.2142857142857142,0.0,0.2142857142857142,0.1428571428571428,0.3571428571428571,0.5
2493,0.3703703703703703,0.1481481481481481,0.6666666666666666,0.3703703703703703,0.2222222222222222,0.3703703703703703
2586,0.2954545454545454,0.0,0.5909090909090909,0.3181818181818182,0.4090909090909091,0.2727272727272727
2460,0.2083333333333333,0.0,0.8888888888888888,0.1666666666666666,0.2777777777777778,0.4722222222222222
2405,0.2674418604651162,0.2790697674418605,0.5813953488372093,0.1162790697674418,0.5116279069767442,0.1627906976744186
2452,0.2934782608695652,0.5,0.2826086956521739,0.2391304347826087,0.217391304347826,0.3260869565217391
2425,0.3055555555555556,0.0,0.6111111111111112,0.1111111111111111,0.4444444444444444,0.3888888888888889
2500,0.1914893617021276,0.1063829787234043,0.723404255319149,0.2765957446808511,0.1914893617021276,0.3617021276595745
2477,0.25,0.4782608695652174,0.3478260869565217,0.4130434782608695,0.1521739130434782,0.2826086956521739
2414,0.2727272727272727,0.0,0.6818181818181818,0.1363636363636363,0.3636363636363636,0.5
2405,0.3382352941176471,0.2352941176470588,0.5588235294117647,0.2647058823529412,0.2352941176470588,0.3823529411764705
2415,0.1785714285714285,0.0,0.5,0.2142857142857142,0.4285714285714285,0.3571428571428571
2415,0.35,0.0,0.45,0.4,0.45,0.15
