Player,Captures,Endgame,Middlegame,Major Pieces,Minor Pieces,Pawn
2621,0.2976190476190476,0.3571428571428571,0.4285714285714285,0.119047619047619,0.4285714285714285,0.3809523809523809
2621,0.3055555555555556,0.0,0.2777777777777778,0.2777777777777778,0.4444444444444444,0.2777777777777778
2621,0.2884615384615384,0.0,0.6538461538461539,0.2692307692307692,0.4615384615384615,0.2692307692307692
2619,0.296875,0.03125,0.6875,0.34375,0.28125,0.25
2621,0.2708333333333333,0.0,0.4583333333333333,0.2083333333333333,0.375,0.4166666666666667
2621,0.3333333333333333,0.0,0.5,0.3333333333333333,0.375,0.2916666666666667
2621,0.2586206896551724,0.0,0.6896551724137931,0.1724137931034483,0.3103448275862069,0.5172413793103449
2621,0.1,0.0,1.0,0.1,0.5,0.4
2621,0.1938775510204081,0.0816326530612244,0.6530612244897959,0.2448979591836734,0.3265306122448979,0.3673469387755102
2621,0.3055555555555556,0.0,0.2777777777777778,0.2777777777777778,0.4444444444444444,0.2777777777777778
2622,0.18,0.56,0.3333333333333333,0.2666666666666666,0.28,0.28
2621,0.0,0.0,1.0,0.0,0.0,1.0
2621,0.3666666666666666,0.0,0.7333333333333333,0.2,0.4666666666666667,0.2
2621,0.2571428571428571,0.0571428571428571,0.7428571428571429,0.4,0.2571428571428571,0.3142857142857143
2621,0.2596153846153846,0.3653846153846154,0.5576923076923077,0.2307692307692307,0.2692307692307692,0.3461538461538461
2621,0.2321428571428571,0.0,0.8214285714285714,0.1785714285714285,0.4642857142857143,0.3571428571428571
2621,0.3666666666666666,0.0,0.7333333333333333,0.2,0.4666666666666667,0.2
2621,0.2162162162162162,0.0,0.5945945945945946,0.3243243243243243,0.4594594594594595,0.2162162162162162
2621,0.5555555555555556,0.0,0.5555555555555556,0.1111111111111111,0.4444444444444444,0.4444444444444444
2621,0.3823529411764705,0.0,0.5882352941176471,0.1764705882352941,0.5294117647058824,0.2941176470588235
2621,0.26,0.0,0.52,0.2,0.52,0.28
2621,0.3571428571428571,0.0,0.1428571428571428,0.0,0.5714285714285714,0.4285714285714285
2621,0.2361111111111111,0.0,0.8333333333333334,0.3611111111111111,0.3333333333333333,0.2777777777777778
2621,0.0,0.0,1.0,0.0,0.0,1.0
2621,0.2333333333333333,0.0,0.4,0.0,0.4666666666666667,0.4666666666666667
2621,0.29,0.38,0.42,0.36,0.16,0.32
2723,0.0,0.0,1.0,0.0,0.0,1.0
2621,0.3076923076923077,0.0,0.8076923076923077,0.3076923076923077,0.3461538461538461,0.3076923076923077
2700,0.25,0.0,0.2,0.0,0.7,0.3
2619,0.296875,0.03125,0.6875,0.34375,0.28125,0.25
2621,0.5,0.0,0.3636363636363636,0.0,0.7272727272727273,0.2727272727272727
2621,0.2790697674418604,0.2558139534883721,0.4883720930232558,0.5581395348837209,0.1860465116279069,0.2325581395348837
2621,0.1666666666666666,0.0,0.7142857142857143,0.1428571428571428,0.5238095238095238,0.3333333333333333
2621,0.1319444444444444,0.0277777777777777,0.6666666666666666,0.125,0.5277777777777778,0.25
2621,0.425,0.0,0.5,0.15,0.5,0.3
2621,0.4137931034482758,0.2413793103448276,0.5862068965517241,0.3448275862068966,0.3103448275862069,0.3448275862068966
2621,0.375,0.0,0.75,0.0833333333333333,0.6666666666666666,0.25
2621,0.3720930232558139,0.2790697674418605,0.4651162790697674,0.4651162790697674,0.2558139534883721,0.2558139534883721
2621,0.0,0.0,1.0,0.0,0.0,1.0
2621,0.282051282051282,0.282051282051282,0.358974358974359,0.2564102564102564,0.282051282051282,0.4102564102564102
2621,0.35,0.0,0.5,0.2,0.4,0.4
2621,0.2790697674418604,0.4651162790697675,0.2093023255813953,0.2325581395348837,0.2558139534883721,0.3720930232558139
2613,0.325,0.3,0.5,0.35,0.15,0.4
2621,0.3260869565217391,0.0,0.6086956521739131,0.391304347826087,0.3478260869565217,0.2608695652173913
2617,0.0,0.0,1.0,0.0,1.0,0.0
2621,0.3676470588235294,0.2058823529411765,0.6764705882352942,0.1764705882352941,0.3823529411764705,0.2058823529411764
